0.000000 	 0.000000 	 14.000000 	 15.000000
10.000000 	 0.000000 	 14.000000 	 15.000000
20.000000 	 0.000000 	 14.000000 	 14.980617
30.000000 	 24.444017 	 14.000000 	 14.961609
40.000000 	 0.000000 	 14.000000 	 15.046980
50.000000 	 30.827204 	 14.000000 	 15.026687
60.000000 	 0.000000 	 14.000000 	 15.137958
70.000000 	 36.938751 	 14.000000 	 15.115901
80.000000 	 0.000000 	 14.000000 	 15.251447
90.000000 	 42.744278 	 14.000000 	 15.227190
100.000000 	 0.000000 	 14.000000 	 15.385283
110.000000 	 48.213772 	 14.000000 	 15.358431
120.000000 	 0.000000 	 14.000000 	 15.537252
130.000000 	 53.321590 	 14.000000 	 15.507455
140.000000 	 0.000000 	 14.000000 	 15.705122
150.000000 	 58.046429 	 14.000000 	 15.672071
160.000000 	 0.000000 	 14.000000 	 15.886652
170.000000 	 62.371399 	 14.000000 	 15.850082
180.000000 	 0.000000 	 14.000000 	 16.079615
190.000000 	 66.283623 	 14.000000 	 16.039305
200.000000 	 0.000000 	 14.000000 	 16.281816
210.000000 	 69.774345 	 14.000000 	 16.237587
220.000000 	 0.000000 	 14.000000 	 16.491108
230.000000 	 72.838699 	 14.000000 	 16.442822
240.000000 	 0.000000 	 14.000000 	 16.705404
250.000000 	 75.475533 	 14.000000 	 16.652964
260.000000 	 0.000000 	 14.000000 	 16.922693
270.000000 	 77.687187 	 14.000000 	 16.866041
280.000000 	 0.000000 	 14.000000 	 17.141050
290.000000 	 79.479385 	 14.000000 	 17.080166
300.000000 	 0.000000 	 14.000000 	 17.358650
310.000000 	 80.860855 	 14.000000 	 17.293549
320.000000 	 0.000000 	 14.000000 	 17.573776
330.000000 	 81.843300 	 14.000000 	 17.504503
340.000000 	 0.000000 	 14.000000 	 17.784822
350.000000 	 82.440689 	 14.000000 	 17.711460
360.000000 	 0.000000 	 14.000000 	 17.990309
370.000000 	 82.669701 	 14.000000 	 17.912964
380.000000 	 0.000000 	 14.000000 	 18.188883
390.000000 	 82.548958 	 14.000000 	 18.107687
400.000000 	 0.000000 	 14.000000 	 18.379316
410.000000 	 82.098656 	 14.000000 	 18.294430
420.000000 	 0.000000 	 14.000000 	 18.560524
430.000000 	 81.340858 	 14.000000 	 18.472124
440.000000 	 0.000000 	 14.000000 	 18.731548
450.000000 	 0.000000 	 14.000000 	 18.639835
460.000000 	 0.000000 	 14.000000 	 18.549898
470.000000 	 81.015724 	 14.000000 	 18.461706
480.000000 	 0.000000 	 14.000000 	 18.719950
490.000000 	 0.000000 	 14.000000 	 18.628460
500.000000 	 0.000000 	 14.000000 	 18.538744
510.000000 	 80.736061 	 14.000000 	 18.450768
520.000000 	 0.000000 	 14.000000 	 18.708033
530.000000 	 0.000000 	 14.000000 	 18.616774
540.000000 	 0.000000 	 14.000000 	 18.527285
550.000000 	 80.502090 	 14.000000 	 18.439529
560.000000 	 0.000000 	 14.000000 	 18.696016
570.000000 	 0.000000 	 14.000000 	 18.604990
580.000000 	 0.000000 	 14.000000 	 18.515730
590.000000 	 80.313232 	 14.000000 	 18.428200
600.000000 	 0.000000 	 14.000000 	 18.684103
610.000000 	 0.000000 	 14.000000 	 18.593309
620.000000 	 0.000000 	 14.000000 	 18.504274
630.000000 	 80.168480 	 14.000000 	 18.416965
640.000000 	 0.000000 	 14.000000 	 18.672472
650.000000 	 0.000000 	 14.000000 	 18.581903
660.000000 	 79.619705 	 14.000000 	 18.493090
670.000000 	 0.000000 	 14.000000 	 18.744785
680.000000 	 0.000000 	 14.000000 	 18.652815
690.000000 	 0.000000 	 14.000000 	 18.562628
700.000000 	 79.279922 	 14.000000 	 18.474188
710.000000 	 0.000000 	 14.000000 	 18.724804
720.000000 	 0.000000 	 14.000000 	 18.633221
730.000000 	 0.000000 	 14.000000 	 18.543413
740.000000 	 79.014381 	 14.000000 	 18.455347
750.000000 	 0.000000 	 14.000000 	 18.705198
760.000000 	 0.000000 	 14.000000 	 18.613995
770.000000 	 0.000000 	 14.000000 	 18.524559
780.000000 	 78.820633 	 14.000000 	 18.436857
790.000000 	 0.000000 	 14.000000 	 18.686241
800.000000 	 0.000000 	 14.000000 	 18.595406
810.000000 	 0.000000 	 14.000000 	 18.506330
820.000000 	 78.695053 	 14.000000 	 18.418982
830.000000 	 0.000000 	 14.000000 	 18.668179
840.000000 	 0.000000 	 14.000000 	 18.577692
850.000000 	 78.183495 	 14.000000 	 18.488960
860.000000 	 0.000000 	 14.000000 	 18.734623
870.000000 	 0.000000 	 14.000000 	 18.642849
880.000000 	 0.000000 	 14.000000 	 18.552855
890.000000 	 77.903976 	 14.000000 	 18.464603
900.000000 	 0.000000 	 14.000000 	 18.709549
910.000000 	 0.000000 	 14.000000 	 18.618261
920.000000 	 0.000000 	 14.000000 	 18.528744
930.000000 	 77.714951 	 14.000000 	 18.440962
940.000000 	 0.000000 	 14.000000 	 18.685562
950.000000 	 0.000000 	 14.000000 	 18.594740
960.000000 	 0.000000 	 14.000000 	 18.505678
970.000000 	 77.611305 	 14.000000 	 18.418343
980.000000 	 0.000000 	 14.000000 	 18.662941
990.000000 	 0.000000 	 14.000000 	 18.572557
1000.000000 	 77.132477 	 14.000000 	 18.483927
1010.000000 	 0.000000 	 14.000000 	 18.725216
1020.000000 	 0.000000 	 14.000000 	 18.633625
1030.000000 	 0.000000 	 14.000000 	 18.543810
1040.000000 	 81.238968 	 14.000000 	 18.455736
1050.000000 	 0.000000 	 14.000000 	 18.715046
1060.000000 	 0.000000 	 14.000000 	 18.623652
1070.000000 	 0.000000 	 14.000000 	 18.534029
1080.000000 	 68.235298 	 14.000000 	 18.446144
1090.000000 	 0.000000 	 14.000000 	 18.650307
1100.000000 	 0.000000 	 14.000000 	 18.560167
1110.000000 	 59.105293 	 14.000000 	 18.471775
1120.000000 	 0.000000 	 14.000000 	 18.636593
1130.000000 	 0.000000 	 14.000000 	 18.546721
1140.000000 	 50.752209 	 14.000000 	 18.458590
1150.000000 	 0.000000 	 14.000000 	 18.588121
1160.000000 	 45.449692 	 14.000000 	 18.499187
1170.000000 	 0.000000 	 14.000000 	 18.605368
1180.000000 	 0.000000 	 14.000000 	 18.516100
1190.000000 	 38.875111 	 14.000000 	 18.428562
1200.000000 	 0.000000 	 14.000000 	 18.508137
1210.000000 	 34.874847 	 14.000000 	 18.420753
1220.000000 	 0.000000 	 14.000000 	 18.483458
1230.000000 	 31.391249 	 14.000000 	 18.396553
1240.000000 	 0.000000 	 14.000000 	 18.444904
1250.000000 	 28.447004 	 14.000000 	 18.358746
1260.000000 	 0.000000 	 14.000000 	 18.395302
1270.000000 	 26.055412 	 14.000000 	 18.310106
1280.000000 	 0.000000 	 14.000000 	 18.337429
1290.000000 	 24.221556 	 14.000000 	 18.253355
1300.000000 	 0.000000 	 14.000000 	 18.273973
1310.000000 	 22.942160 	 14.000000 	 18.191128
1320.000000 	 0.000000 	 14.000000 	 18.207510
1330.000000 	 22.206207 	 14.000000 	 18.125954
1340.000000 	 0.000000 	 14.000000 	 18.140467
1350.000000 	 21.996069 	 14.000000 	 18.060209
1360.000000 	 0.000000 	 14.000000 	 18.075102
1370.000000 	 22.287476 	 14.000000 	 17.996113
1380.000000 	 0.000000 	 14.000000 	 18.013489
1390.000000 	 23.050812 	 14.000000 	 17.935694
1400.000000 	 0.000000 	 14.000000 	 17.957489
1410.000000 	 24.251348 	 14.000000 	 17.880779
1420.000000 	 0.000000 	 14.000000 	 17.908749
1430.000000 	 25.850166 	 14.000000 	 17.832985
1440.000000 	 0.000000 	 14.000000 	 17.868683
1450.000000 	 27.477150 	 14.000000 	 17.793694
1460.000000 	 0.000000 	 14.000000 	 17.837076
1470.000000 	 29.122486 	 14.000000 	 17.762699
1480.000000 	 0.000000 	 14.000000 	 17.813683
1490.000000 	 30.765467 	 14.000000 	 17.739759
1500.000000 	 0.000000 	 14.000000 	 17.798180
1510.000000 	 32.398205 	 14.000000 	 17.724558
1520.000000 	 0.000000 	 14.000000 	 17.790220
1530.000000 	 34.001709 	 14.000000 	 17.716753
1540.000000 	 0.000000 	 14.000000 	 17.789389
1550.000000 	 35.570087 	 14.000000 	 17.715937
1560.000000 	 0.000000 	 14.000000 	 17.795261
1570.000000 	 37.086102 	 14.000000 	 17.721697
1580.000000 	 0.000000 	 14.000000 	 17.807360
1590.000000 	 38.546135 	 14.000000 	 17.733561
1600.000000 	 0.000000 	 14.000000 	 17.825207
1610.000000 	 39.935093 	 14.000000 	 17.751060
1620.000000 	 0.000000 	 14.000000 	 17.848278
1630.000000 	 41.251335 	 14.000000 	 17.773685
1640.000000 	 0.000000 	 14.000000 	 17.876064
1650.000000 	 42.482056 	 14.000000 	 17.800932
1660.000000 	 0.000000 	 14.000000 	 17.908020
1670.000000 	 43.944908 	 14.000000 	 17.832270
1680.000000 	 0.000000 	 14.000000 	 17.944975
1690.000000 	 44.971180 	 14.000000 	 17.868507
1700.000000 	 0.000000 	 14.000000 	 17.984877
1710.000000 	 46.218056 	 14.000000 	 17.907637
1720.000000 	 0.000000 	 14.000000 	 18.028553
1730.000000 	 47.021915 	 14.000000 	 17.950466
1740.000000 	 0.000000 	 14.000000 	 18.073973
1750.000000 	 48.040058 	 14.000000 	 17.995005
1760.000000 	 0.000000 	 14.000000 	 18.121981
1770.000000 	 48.613060 	 14.000000 	 18.042082
1780.000000 	 0.000000 	 14.000000 	 18.170584
1790.000000 	 49.398594 	 14.000000 	 18.089745
1800.000000 	 0.000000 	 14.000000 	 18.220665
1810.000000 	 49.740971 	 14.000000 	 18.138855
1820.000000 	 0.000000 	 14.000000 	 18.270279
1830.000000 	 50.298683 	 14.000000 	 18.187506
1840.000000 	 0.000000 	 14.000000 	 18.320362
1850.000000 	 50.737831 	 14.000000 	 18.236618
1860.000000 	 0.000000 	 14.000000 	 18.370390
1870.000000 	 51.055290 	 14.000000 	 18.285677
1880.000000 	 0.000000 	 14.000000 	 18.419849
1890.000000 	 51.260345 	 14.000000 	 18.334177
1900.000000 	 0.000000 	 14.000000 	 18.468283
1910.000000 	 51.351315 	 14.000000 	 18.381672
1920.000000 	 0.000000 	 14.000000 	 18.515244
1930.000000 	 51.339241 	 14.000000 	 18.427723
1940.000000 	 0.000000 	 14.000000 	 18.560350
1950.000000 	 51.223759 	 14.000000 	 18.471956
1960.000000 	 0.000000 	 14.000000 	 18.603233
1970.000000 	 0.000000 	 14.000000 	 18.514008
1980.000000 	 51.515316 	 14.000000 	 18.426510
1990.000000 	 0.000000 	 14.000000 	 18.559910
2000.000000 	 33.525650 	 14.000000 	 18.471523
2010.000000 	 0.000000 	 14.000000 	 18.527504
2020.000000 	 34.031521 	 14.000000 	 18.439745
2030.000000 	 0.000000 	 14.000000 	 18.498493
2040.000000 	 34.233982 	 14.000000 	 18.411297
2050.000000 	 0.000000 	 14.000000 	 18.471458
2060.000000 	 34.805588 	 14.000000 	 18.384785
2070.000000 	 0.000000 	 14.000000 	 18.447893
2080.000000 	 35.063797 	 14.000000 	 18.361677
2090.000000 	 0.000000 	 14.000000 	 18.426332
2100.000000 	 35.576027 	 14.000000 	 18.340536
2110.000000 	 0.000000 	 14.000000 	 18.407780
2120.000000 	 36.013565 	 14.000000 	 18.322342
2130.000000 	 0.000000 	 14.000000 	 18.391800
2140.000000 	 36.372227 	 14.000000 	 18.306671
2150.000000 	 0.000000 	 14.000000 	 18.377958
2160.000000 	 36.827301 	 14.000000 	 18.293098
2170.000000 	 0.000000 	 14.000000 	 18.366587
2180.000000 	 37.326958 	 14.000000 	 18.281946
2190.000000 	 0.000000 	 14.000000 	 18.357777
2200.000000 	 37.655632 	 14.000000 	 18.273308
2210.000000 	 0.000000 	 14.000000 	 18.350704
2220.000000 	 37.959618 	 14.000000 	 18.266373
2230.000000 	 0.000000 	 14.000000 	 18.345196
2240.000000 	 38.207584 	 14.000000 	 18.260971
2250.000000 	 0.000000 	 14.000000 	 18.340954
2260.000000 	 38.374630 	 14.000000 	 18.256811
2270.000000 	 0.000000 	 14.000000 	 18.337585
2280.000000 	 38.442337 	 14.000000 	 18.253508
2290.000000 	 0.000000 	 14.000000 	 18.334635
2300.000000 	 38.398560 	 14.000000 	 18.250614
2310.000000 	 0.000000 	 14.000000 	 18.331612
2320.000000 	 38.237263 	 14.000000 	 18.247650
2330.000000 	 0.000000 	 14.000000 	 18.328018
2340.000000 	 37.958134 	 14.000000 	 18.244127
2350.000000 	 0.000000 	 14.000000 	 18.323376
2360.000000 	 37.566223 	 14.000000 	 18.239574
2370.000000 	 0.000000 	 14.000000 	 18.317244
2380.000000 	 37.071281 	 14.000000 	 18.233561
2390.000000 	 0.000000 	 14.000000 	 18.309240
2400.000000 	 36.487289 	 14.000000 	 18.225712
2410.000000 	 0.000000 	 14.000000 	 18.299059
2420.000000 	 35.831825 	 14.000000 	 18.215729
2430.000000 	 0.000000 	 14.000000 	 18.286480
2440.000000 	 35.125561 	 14.000000 	 18.203394
2450.000000 	 0.000000 	 14.000000 	 18.271379
2460.000000 	 34.390110 	 14.000000 	 18.188585
2470.000000 	 0.000000 	 14.000000 	 18.253729
2480.000000 	 33.646225 	 14.000000 	 18.171276
2490.000000 	 0.000000 	 14.000000 	 18.233589
2500.000000 	 32.913654 	 14.000000 	 18.151527
2510.000000 	 0.000000 	 14.000000 	 18.211105
2520.000000 	 32.210979 	 14.000000 	 18.129480
2530.000000 	 0.000000 	 14.000000 	 18.186497
2540.000000 	 31.555450 	 14.000000 	 18.105347
2550.000000 	 0.000000 	 14.000000 	 18.160040
2560.000000 	 30.962395 	 14.000000 	 18.079403
2570.000000 	 0.000000 	 14.000000 	 18.132076
2580.000000 	 30.445639 	 14.000000 	 18.051983
2590.000000 	 0.000000 	 14.000000 	 18.102989
2600.000000 	 30.017326 	 14.000000 	 18.023458
2610.000000 	 0.000000 	 14.000000 	 18.073195
2620.000000 	 29.687387 	 14.000000 	 17.994242
2630.000000 	 0.000000 	 14.000000 	 18.043140
2640.000000 	 29.464079 	 14.000000 	 17.964769
2650.000000 	 0.000000 	 14.000000 	 18.013290
2660.000000 	 29.353456 	 14.000000 	 17.935499
2670.000000 	 0.000000 	 14.000000 	 17.984116
2680.000000 	 29.361252 	 14.000000 	 17.906889
2690.000000 	 0.000000 	 14.000000 	 17.956093
2700.000000 	 29.490749 	 14.000000 	 17.879410
2710.000000 	 0.000000 	 14.000000 	 17.929697
2720.000000 	 29.743443 	 14.000000 	 17.853525
2730.000000 	 0.000000 	 14.000000 	 17.905390
2740.000000 	 30.118601 	 14.000000 	 17.829691
2750.000000 	 0.000000 	 14.000000 	 17.883615
2760.000000 	 30.614029 	 14.000000 	 17.808336
2770.000000 	 0.000000 	 14.000000 	 17.864782
2780.000000 	 31.225182 	 14.000000 	 17.789869
2790.000000 	 0.000000 	 14.000000 	 17.849274
2800.000000 	 31.946421 	 14.000000 	 17.774660
2810.000000 	 0.000000 	 14.000000 	 17.837427
2820.000000 	 32.770184 	 14.000000 	 17.763044
2830.000000 	 0.000000 	 14.000000 	 17.829542
2840.000000 	 33.687820 	 14.000000 	 17.755314
2850.000000 	 0.000000 	 14.000000 	 17.825867
2860.000000 	 34.690838 	 14.000000 	 17.751709
2870.000000 	 0.000000 	 14.000000 	 17.826599
2880.000000 	 35.769386 	 14.000000 	 17.752426
2890.000000 	 0.000000 	 14.000000 	 17.831892
2900.000000 	 36.912617 	 14.000000 	 17.757616
2910.000000 	 0.000000 	 14.000000 	 17.841846
2920.000000 	 38.108879 	 14.000000 	 17.767378
2930.000000 	 0.000000 	 14.000000 	 17.856508
2940.000000 	 39.345913 	 14.000000 	 17.781755
2950.000000 	 0.000000 	 14.000000 	 17.875870
2960.000000 	 40.610947 	 14.000000 	 17.800741
2970.000000 	 0.000000 	 14.000000 	 17.899872
2980.000000 	 41.682358 	 14.000000 	 17.824280
2990.000000 	 0.000000 	 14.000000 	 17.927513
3000.000000 	 42.773975 	 14.000000 	 17.851385
3010.000000 	 0.000000 	 14.000000 	 17.958738
3020.000000 	 43.730286 	 14.000000 	 17.882004
3030.000000 	 0.000000 	 14.000000 	 17.992832
3040.000000 	 44.555019 	 14.000000 	 17.915438
3050.000000 	 0.000000 	 14.000000 	 18.029127
3060.000000 	 45.250565 	 14.000000 	 17.951029
3070.000000 	 0.000000 	 14.000000 	 18.066988
3080.000000 	 45.823044 	 14.000000 	 17.988155
3090.000000 	 0.000000 	 14.000000 	 18.105831
3100.000000 	 46.276737 	 14.000000 	 18.026245
3110.000000 	 0.000000 	 14.000000 	 18.145113
3120.000000 	 46.618668 	 14.000000 	 18.064766
3130.000000 	 0.000000 	 14.000000 	 18.184341
3140.000000 	 46.855801 	 14.000000 	 18.103235
3150.000000 	 0.000000 	 14.000000 	 18.223074
3160.000000 	 46.995045 	 14.000000 	 18.141216
3170.000000 	 0.000000 	 14.000000 	 18.260912
3180.000000 	 47.044304 	 14.000000 	 18.178320
3190.000000 	 0.000000 	 14.000000 	 18.297506
3200.000000 	 47.012199 	 14.000000 	 18.214205
3210.000000 	 0.000000 	 14.000000 	 18.332560
3220.000000 	 46.906147 	 14.000000 	 18.248579
3230.000000 	 0.000000 	 14.000000 	 18.365816
3240.000000 	 46.733620 	 14.000000 	 18.281191
3250.000000 	 0.000000 	 14.000000 	 18.397060
3260.000000 	 46.501629 	 14.000000 	 18.311831
3270.000000 	 0.000000 	 14.000000 	 18.426119
3280.000000 	 46.216774 	 14.000000 	 18.340326
3290.000000 	 0.000000 	 14.000000 	 18.452852
3300.000000 	 45.884850 	 14.000000 	 18.366541
3310.000000 	 0.000000 	 14.000000 	 18.477144
3320.000000 	 45.510754 	 14.000000 	 18.390362
3330.000000 	 0.000000 	 14.000000 	 18.498913
3340.000000 	 45.098526 	 14.000000 	 18.411709
3350.000000 	 0.000000 	 14.000000 	 18.518091
3360.000000 	 44.651413 	 14.000000 	 18.430515
3370.000000 	 0.000000 	 14.000000 	 18.534632
3380.000000 	 44.171749 	 14.000000 	 18.446735
3390.000000 	 0.000000 	 14.000000 	 18.548496
3400.000000 	 43.661259 	 14.000000 	 18.460331
3410.000000 	 0.000000 	 14.000000 	 18.559656
3420.000000 	 43.121059 	 14.000000 	 18.471273
3430.000000 	 0.000000 	 14.000000 	 18.568087
3440.000000 	 42.551765 	 14.000000 	 18.479542
3450.000000 	 0.000000 	 14.000000 	 18.573772
3460.000000 	 41.954025 	 14.000000 	 18.485117
3470.000000 	 0.000000 	 14.000000 	 18.576696
3480.000000 	 41.328236 	 14.000000 	 18.487984
3490.000000 	 0.000000 	 14.000000 	 18.576845
3500.000000 	 40.674938 	 14.000000 	 18.488131
3510.000000 	 0.000000 	 14.000000 	 18.574209
3520.000000 	 39.995083 	 14.000000 	 18.485546
3530.000000 	 0.000000 	 14.000000 	 18.568781
3540.000000 	 39.290058 	 14.000000 	 18.480221
3550.000000 	 0.000000 	 14.000000 	 18.560560
3560.000000 	 38.561436 	 14.000000 	 18.472160
3570.000000 	 0.000000 	 14.000000 	 18.549555
3580.000000 	 37.811756 	 14.000000 	 18.461369
3590.000000 	 0.000000 	 14.000000 	 18.535782
3600.000000 	 37.044064 	 14.000000 	 18.447863
3610.000000 	 0.000000 	 14.000000 	 18.519272
3620.000000 	 36.262077 	 14.000000 	 18.431673
3630.000000 	 0.000000 	 14.000000 	 18.500069
3640.000000 	 35.470272 	 14.000000 	 18.412842
3650.000000 	 0.000000 	 14.000000 	 18.478233
3660.000000 	 34.673763 	 14.000000 	 18.391430
3670.000000 	 0.000000 	 14.000000 	 18.453848
3680.000000 	 33.878445 	 14.000000 	 18.367516
3690.000000 	 0.000000 	 14.000000 	 18.427013
3700.000000 	 33.090599 	 14.000000 	 18.341202
3710.000000 	 0.000000 	 14.000000 	 18.397856
3720.000000 	 32.317291 	 14.000000 	 18.312611
3730.000000 	 0.000000 	 14.000000 	 18.366529
3740.000000 	 31.566103 	 14.000000 	 18.281891
3750.000000 	 0.000000 	 14.000000 	 18.333208
3760.000000 	 30.844893 	 14.000000 	 18.249214
3770.000000 	 0.000000 	 14.000000 	 18.298096
3780.000000 	 30.161673 	 14.000000 	 18.214785
3790.000000 	 0.000000 	 14.000000 	 18.261427
3800.000000 	 29.525068 	 14.000000 	 18.178825
3810.000000 	 0.000000 	 14.000000 	 18.223455
3820.000000 	 28.943300 	 14.000000 	 18.141590
3830.000000 	 0.000000 	 14.000000 	 18.184467
3840.000000 	 28.424778 	 14.000000 	 18.103357
3850.000000 	 0.000000 	 14.000000 	 18.144768
3860.000000 	 27.977621 	 14.000000 	 18.064426
3870.000000 	 0.000000 	 14.000000 	 18.104691
3880.000000 	 27.609480 	 14.000000 	 18.025127
3890.000000 	 0.000000 	 14.000000 	 18.064587
3900.000000 	 27.327862 	 14.000000 	 17.985800
3910.000000 	 0.000000 	 14.000000 	 18.024822
3920.000000 	 27.139305 	 14.000000 	 17.946808
3930.000000 	 0.000000 	 14.000000 	 17.985785
3940.000000 	 27.049986 	 14.000000 	 17.908527
3950.000000 	 0.000000 	 14.000000 	 17.947866
3960.000000 	 27.065136 	 14.000000 	 17.871344
3970.000000 	 0.000000 	 14.000000 	 17.911469
3980.000000 	 27.189003 	 14.000000 	 17.835651
3990.000000 	 0.000000 	 14.000000 	 17.876993
4000.000000 	 27.423307 	 14.000000 	 17.801844
4010.000000 	 0.000000 	 14.000000 	 17.844839
4020.000000 	 27.768766 	 14.000000 	 17.770313
4030.000000 	 0.000000 	 14.000000 	 17.815390
4040.000000 	 28.224243 	 14.000000 	 17.741434
4050.000000 	 0.000000 	 14.000000 	 17.789007
4060.000000 	 28.786585 	 14.000000 	 17.715563
4070.000000 	 0.000000 	 14.000000 	 17.766031
4080.000000 	 29.450895 	 14.000000 	 17.693033
4090.000000 	 0.000000 	 14.000000 	 17.746765
4100.000000 	 30.210924 	 14.000000 	 17.674139
4110.000000 	 0.000000 	 14.000000 	 17.731470
4120.000000 	 31.058697 	 14.000000 	 17.659142
4130.000000 	 0.000000 	 14.000000 	 17.720371
4140.000000 	 31.985367 	 14.000000 	 17.648258
4150.000000 	 0.000000 	 14.000000 	 17.713642
4160.000000 	 32.981003 	 14.000000 	 17.641659
4170.000000 	 0.000000 	 14.000000 	 17.711407
4180.000000 	 34.034767 	 14.000000 	 17.639467
4190.000000 	 0.000000 	 14.000000 	 17.713741
4200.000000 	 35.135395 	 14.000000 	 17.641756
4210.000000 	 0.000000 	 14.000000 	 17.720669
4220.000000 	 36.271114 	 14.000000 	 17.648548
4230.000000 	 0.000000 	 14.000000 	 17.732162
4240.000000 	 37.429794 	 14.000000 	 17.659821
4250.000000 	 0.000000 	 14.000000 	 17.748146
4260.000000 	 38.599518 	 14.000000 	 17.675495
4270.000000 	 0.000000 	 14.000000 	 17.768494
4280.000000 	 39.768368 	 14.000000 	 17.695448
4290.000000 	 0.000000 	 14.000000 	 17.793034
4300.000000 	 40.924603 	 14.000000 	 17.719511
4310.000000 	 0.000000 	 14.000000 	 17.821550
4320.000000 	 42.056835 	 14.000000 	 17.747475
4330.000000 	 0.000000 	 14.000000 	 17.853790
4340.000000 	 43.154160 	 14.000000 	 17.779091
4350.000000 	 0.000000 	 14.000000 	 17.889463
4360.000000 	 44.206440 	 14.000000 	 17.814072
4370.000000 	 0.000000 	 14.000000 	 17.928242
4380.000000 	 45.203953 	 14.000000 	 17.852098
4390.000000 	 0.000000 	 14.000000 	 17.969776
4400.000000 	 46.137802 	 14.000000 	 17.892828
4410.000000 	 0.000000 	 14.000000 	 18.013691
4420.000000 	 46.999809 	 14.000000 	 17.935892
4430.000000 	 0.000000 	 14.000000 	 18.059587
4440.000000 	 47.782711 	 14.000000 	 17.980898
4450.000000 	 0.000000 	 14.000000 	 18.107052
4460.000000 	 48.479813 	 14.000000 	 18.027443
4470.000000 	 0.000000 	 14.000000 	 18.155661
4480.000000 	 49.085487 	 14.000000 	 18.075109
4490.000000 	 0.000000 	 14.000000 	 18.204983
4500.000000 	 49.594780 	 14.000000 	 18.123476
4510.000000 	 0.000000 	 14.000000 	 18.254578
4520.000000 	 50.003689 	 14.000000 	 18.172110
4530.000000 	 0.000000 	 14.000000 	 18.304008
4540.000000 	 50.308922 	 14.000000 	 18.220583
4550.000000 	 0.000000 	 14.000000 	 18.352840
4560.000000 	 50.508163 	 14.000000 	 18.268467
4570.000000 	 0.000000 	 14.000000 	 18.400644
4580.000000 	 50.599667 	 14.000000 	 18.315344
4590.000000 	 0.000000 	 14.000000 	 18.447002
4600.000000 	 50.582600 	 14.000000 	 18.360804
4610.000000 	 0.000000 	 14.000000 	 18.491508
4620.000000 	 50.456932 	 14.000000 	 18.404448
4630.000000 	 0.000000 	 14.000000 	 18.533772
4640.000000 	 50.223454 	 14.000000 	 18.445890
4650.000000 	 0.000000 	 14.000000 	 18.573418
4660.000000 	 49.883446 	 14.000000 	 18.484770
4670.000000 	 0.000000 	 14.000000 	 18.610096
4680.000000 	 0.000000 	 14.000000 	 18.520737
4690.000000 	 49.791744 	 14.000000 	 18.433109
4700.000000 	 0.000000 	 14.000000 	 18.559048
4710.000000 	 49.359077 	 14.000000 	 18.470678
4720.000000 	 0.000000 	 14.000000 	 18.594048
4730.000000 	 0.000000 	 14.000000 	 18.504999
4740.000000 	 49.042328 	 14.000000 	 18.417677
4750.000000 	 0.000000 	 14.000000 	 18.540724
4760.000000 	 48.504524 	 14.000000 	 18.452709
4770.000000 	 0.000000 	 14.000000 	 18.572790
4780.000000 	 47.853676 	 14.000000 	 18.484154
4790.000000 	 0.000000 	 14.000000 	 18.600855
4800.000000 	 0.000000 	 14.000000 	 18.511675
4810.000000 	 47.260574 	 14.000000 	 18.424223
4820.000000 	 0.000000 	 14.000000 	 18.539562
4830.000000 	 46.510265 	 14.000000 	 18.451571
4840.000000 	 0.000000 	 14.000000 	 18.563189
4850.000000 	 45.657333 	 14.000000 	 18.474739
4860.000000 	 0.000000 	 14.000000 	 18.582277
4870.000000 	 44.710529 	 14.000000 	 18.493456
4880.000000 	 0.000000 	 14.000000 	 18.596603
4890.000000 	 0.000000 	 14.000000 	 18.507505
4900.000000 	 43.619434 	 14.000000 	 18.420135
4910.000000 	 0.000000 	 14.000000 	 18.520061
4920.000000 	 42.627487 	 14.000000 	 18.432447
4930.000000 	 0.000000 	 14.000000 	 18.527914
4940.000000 	 41.565216 	 14.000000 	 18.440147
4950.000000 	 0.000000 	 14.000000 	 18.530945
4960.000000 	 40.444420 	 14.000000 	 18.443119
4970.000000 	 0.000000 	 14.000000 	 18.529089
4980.000000 	 39.277515 	 14.000000 	 18.441299
4990.000000 	 0.000000 	 14.000000 	 18.522339
5000.000000 	 38.077488 	 14.000000 	 18.434681
5010.000000 	 0.000000 	 14.000000 	 18.510744
5020.000000 	 36.857887 	 14.000000 	 18.423309
5030.000000 	 0.000000 	 14.000000 	 18.494402
5040.000000 	 35.632275 	 14.000000 	 18.407286
5050.000000 	 0.000000 	 14.000000 	 18.473475
5060.000000 	 34.414780 	 14.000000 	 18.386763
5070.000000 	 0.000000 	 14.000000 	 18.448168
5080.000000 	 33.219246 	 14.000000 	 18.361946
5090.000000 	 0.000000 	 14.000000 	 18.418747
5100.000000 	 32.059498 	 14.000000 	 18.333096
5110.000000 	 0.000000 	 14.000000 	 18.385519
5120.000000 	 30.949085 	 14.000000 	 18.300512
5130.000000 	 0.000000 	 14.000000 	 18.348845
5140.000000 	 29.901123 	 14.000000 	 18.264549
5150.000000 	 0.000000 	 14.000000 	 18.309118
5160.000000 	 28.928215 	 14.000000 	 18.225592
5170.000000 	 0.000000 	 14.000000 	 18.266777
5180.000000 	 28.041935 	 14.000000 	 18.184072
5190.000000 	 0.000000 	 14.000000 	 18.222290
5200.000000 	 27.253347 	 14.000000 	 18.140448
5210.000000 	 0.000000 	 14.000000 	 18.176157
5220.000000 	 26.572226 	 14.000000 	 18.095209
5230.000000 	 0.000000 	 14.000000 	 18.128897
5240.000000 	 26.007374 	 14.000000 	 18.048864
5250.000000 	 0.000000 	 14.000000 	 18.081047
5260.000000 	 25.566259 	 14.000000 	 18.001942
5270.000000 	 0.000000 	 14.000000 	 18.033155
5280.000000 	 25.255014 	 14.000000 	 17.954979
5290.000000 	 0.000000 	 14.000000 	 17.985779
5300.000000 	 25.078428 	 14.000000 	 17.908522
5310.000000 	 0.000000 	 14.000000 	 17.939470
5320.000000 	 25.039921 	 14.000000 	 17.863110
5330.000000 	 0.000000 	 14.000000 	 17.894775
5340.000000 	 25.141119 	 14.000000 	 17.819283
5350.000000 	 0.000000 	 14.000000 	 17.852228
5360.000000 	 25.382605 	 14.000000 	 17.777557
5370.000000 	 0.000000 	 14.000000 	 17.812340
5380.000000 	 25.762848 	 14.000000 	 17.738443
5390.000000 	 0.000000 	 14.000000 	 17.775602
5400.000000 	 26.279364 	 14.000000 	 17.702417
5410.000000 	 0.000000 	 14.000000 	 17.742472
5420.000000 	 26.927858 	 14.000000 	 17.669930
5430.000000 	 0.000000 	 14.000000 	 17.713373
5440.000000 	 27.702785 	 14.000000 	 17.641396
5450.000000 	 0.000000 	 14.000000 	 17.688690
5460.000000 	 28.597200 	 14.000000 	 17.617191
5470.000000 	 0.000000 	 14.000000 	 17.668760
5480.000000 	 29.602932 	 14.000000 	 17.597647
5490.000000 	 0.000000 	 14.000000 	 17.653873
5500.000000 	 30.710434 	 14.000000 	 17.583050
5510.000000 	 0.000000 	 14.000000 	 17.644274
5520.000000 	 31.909391 	 14.000000 	 17.573635
5530.000000 	 0.000000 	 14.000000 	 17.640142
5540.000000 	 33.188225 	 14.000000 	 17.569584
5550.000000 	 0.000000 	 14.000000 	 17.641611
5560.000000 	 34.534668 	 14.000000 	 17.571024
5570.000000 	 0.000000 	 14.000000 	 17.648752
5580.000000 	 35.935635 	 14.000000 	 17.578028
5590.000000 	 0.000000 	 14.000000 	 17.661581
5600.000000 	 37.377644 	 14.000000 	 17.590607
5610.000000 	 0.000000 	 14.000000 	 17.680052
5620.000000 	 38.846512 	 14.000000 	 17.608719
5630.000000 	 0.000000 	 14.000000 	 17.704063
5640.000000 	 40.327763 	 14.000000 	 17.632267
5650.000000 	 0.000000 	 14.000000 	 17.733459
5660.000000 	 41.807022 	 14.000000 	 17.661093
5670.000000 	 0.000000 	 14.000000 	 17.768019
5680.000000 	 43.269646 	 14.000000 	 17.694981
5690.000000 	 0.000000 	 14.000000 	 17.807474
5700.000000 	 44.504356 	 14.000000 	 17.733673
5710.000000 	 0.000000 	 14.000000 	 17.850670
5720.000000 	 45.711685 	 14.000000 	 17.776031
5730.000000 	 0.000000 	 14.000000 	 17.897345
5740.000000 	 46.679996 	 14.000000 	 17.821800
5750.000000 	 0.000000 	 14.000000 	 17.946346
5760.000000 	 47.613686 	 14.000000 	 17.869852
5770.000000 	 0.000000 	 14.000000 	 17.997440
5780.000000 	 48.502789 	 14.000000 	 17.919956
5790.000000 	 0.000000 	 14.000000 	 18.050356
5800.000000 	 49.337379 	 14.000000 	 17.971846
5810.000000 	 0.000000 	 14.000000 	 18.104792
5820.000000 	 49.919540 	 14.000000 	 18.025227
5830.000000 	 0.000000 	 14.000000 	 18.159615
5840.000000 	 50.444843 	 14.000000 	 18.078987
5850.000000 	 0.000000 	 14.000000 	 18.214569
5860.000000 	 50.905754 	 14.000000 	 18.132875
5870.000000 	 0.000000 	 14.000000 	 18.269373
5880.000000 	 51.294750 	 14.000000 	 18.186617
5890.000000 	 0.000000 	 14.000000 	 18.323729
5900.000000 	 51.426231 	 14.000000 	 18.239920
5910.000000 	 0.000000 	 14.000000 	 18.376556
5920.000000 	 51.487305 	 14.000000 	 18.291723
5930.000000 	 0.000000 	 14.000000 	 18.427616
5940.000000 	 51.473312 	 14.000000 	 18.341793
5950.000000 	 0.000000 	 14.000000 	 18.476656
5960.000000 	 51.379898 	 14.000000 	 18.389883
5970.000000 	 0.000000 	 14.000000 	 18.523417
5980.000000 	 51.203197 	 14.000000 	 18.435738
5990.000000 	 0.000000 	 14.000000 	 18.567629
6000.000000 	 50.939884 	 14.000000 	 18.479092
6010.000000 	 0.000000 	 14.000000 	 18.609022
6020.000000 	 0.000000 	 14.000000 	 18.519684
6030.000000 	 51.005016 	 14.000000 	 18.432077
6040.000000 	 0.000000 	 14.000000 	 18.563198
6050.000000 	 50.679726 	 14.000000 	 18.474747
6060.000000 	 0.000000 	 14.000000 	 18.603657
6070.000000 	 0.000000 	 14.000000 	 18.514421
6080.000000 	 50.541061 	 14.000000 	 18.426916
6090.000000 	 0.000000 	 14.000000 	 18.556162
6100.000000 	 50.112419 	 14.000000 	 18.467848
6110.000000 	 0.000000 	 14.000000 	 18.594477
6120.000000 	 0.000000 	 14.000000 	 18.505421
6130.000000 	 49.852039 	 14.000000 	 18.418091
6140.000000 	 0.000000 	 14.000000 	 18.544577
6150.000000 	 49.284760 	 14.000000 	 18.456488
6160.000000 	 0.000000 	 14.000000 	 18.579815
6170.000000 	 48.588207 	 14.000000 	 18.491041
6180.000000 	 0.000000 	 14.000000 	 18.610735
6190.000000 	 0.000000 	 14.000000 	 18.521362
6200.000000 	 47.844303 	 14.000000 	 18.433722
6210.000000 	 0.000000 	 14.000000 	 18.551361
6220.000000 	 47.010559 	 14.000000 	 18.463140
6230.000000 	 0.000000 	 14.000000 	 18.576662
6240.000000 	 46.057739 	 14.000000 	 18.487951
6250.000000 	 0.000000 	 14.000000 	 18.596937
6260.000000 	 0.000000 	 14.000000 	 18.507832
6270.000000 	 44.981010 	 14.000000 	 18.420454
6280.000000 	 0.000000 	 14.000000 	 18.526167
6290.000000 	 43.924583 	 14.000000 	 18.438435
6300.000000 	 0.000000 	 14.000000 	 18.539305
6310.000000 	 42.775028 	 14.000000 	 18.451317
6320.000000 	 0.000000 	 14.000000 	 18.547045
6330.000000 	 41.545807 	 14.000000 	 18.458908
6340.000000 	 0.000000 	 14.000000 	 18.549259
6350.000000 	 40.251698 	 14.000000 	 18.461079
6360.000000 	 0.000000 	 14.000000 	 18.545881
6370.000000 	 38.908058 	 14.000000 	 18.457766
6380.000000 	 0.000000 	 14.000000 	 18.536915
6390.000000 	 37.531052 	 14.000000 	 18.448973
6400.000000 	 0.000000 	 14.000000 	 18.522434
6410.000000 	 36.137218 	 14.000000 	 18.434774
6420.000000 	 0.000000 	 14.000000 	 18.502579
6430.000000 	 34.743687 	 14.000000 	 18.415302
6440.000000 	 0.000000 	 14.000000 	 18.477554
6450.000000 	 33.367245 	 14.000000 	 18.390764
6460.000000 	 0.000000 	 14.000000 	 18.447636
6470.000000 	 32.025013 	 14.000000 	 18.361425
6480.000000 	 0.000000 	 14.000000 	 18.413155
6490.000000 	 30.733608 	 14.000000 	 18.327612
6500.000000 	 0.000000 	 14.000000 	 18.374500
6510.000000 	 29.509157 	 14.000000 	 18.289707
6520.000000 	 0.000000 	 14.000000 	 18.332121
6530.000000 	 28.367203 	 14.000000 	 18.248150
6540.000000 	 0.000000 	 14.000000 	 18.286510
6550.000000 	 27.322515 	 14.000000 	 18.203423
6560.000000 	 0.000000 	 14.000000 	 18.238205
6570.000000 	 26.388668 	 14.000000 	 18.156054
6580.000000 	 0.000000 	 14.000000 	 18.187780
6590.000000 	 25.578278 	 14.000000 	 18.106606
6600.000000 	 0.000000 	 14.000000 	 18.135843
6610.000000 	 24.902460 	 14.000000 	 18.055676
6620.000000 	 0.000000 	 14.000000 	 18.083023
6630.000000 	 24.371052 	 14.000000 	 18.003880
6640.000000 	 0.000000 	 14.000000 	 18.029970
6650.000000 	 23.992308 	 14.000000 	 17.951855
6660.000000 	 0.000000 	 14.000000 	 17.977343
6670.000000 	 23.772745 	 14.000000 	 17.900248
6680.000000 	 0.000000 	 14.000000 	 17.925802
6690.000000 	 23.717230 	 14.000000 	 17.849707
6700.000000 	 0.000000 	 14.000000 	 17.876003
6710.000000 	 23.828056 	 14.000000 	 17.800873
6720.000000 	 0.000000 	 14.000000 	 17.828588
6730.000000 	 24.104933 	 14.000000 	 17.754377
6740.000000 	 0.000000 	 14.000000 	 17.784172
6750.000000 	 24.545261 	 14.000000 	 17.710821
6760.000000 	 0.000000 	 14.000000 	 17.743334
6770.000000 	 25.144047 	 14.000000 	 17.670774
6780.000000 	 0.000000 	 14.000000 	 17.706612
6790.000000 	 25.894985 	 14.000000 	 17.634766
6800.000000 	 0.000000 	 14.000000 	 17.674496
6810.000000 	 26.790688 	 14.000000 	 17.603271
6820.000000 	 0.000000 	 14.000000 	 17.647423
6830.000000 	 27.821505 	 14.000000 	 17.576723
6840.000000 	 0.000000 	 14.000000 	 17.625776
6850.000000 	 0.000000 	 14.000000 	 17.555496
6860.000000 	 29.878307 	 14.000000 	 17.486578
6870.000000 	 0.000000 	 14.000000 	 17.546129
6880.000000 	 31.291046 	 14.000000 	 17.477392
6890.000000 	 0.000000 	 14.000000 	 17.543133
6900.000000 	 32.787235 	 14.000000 	 17.474455
6910.000000 	 0.000000 	 14.000000 	 17.546619
6920.000000 	 34.351257 	 14.000000 	 17.477875
6930.000000 	 0.000000 	 14.000000 	 17.556627
6940.000000 	 35.967247 	 14.000000 	 17.487688
6950.000000 	 0.000000 	 14.000000 	 17.573128
6960.000000 	 37.619080 	 14.000000 	 17.503868
6970.000000 	 0.000000 	 14.000000 	 17.596022
6980.000000 	 39.290585 	 14.000000 	 17.526320
6990.000000 	 0.000000 	 14.000000 	 17.625151
7000.000000 	 40.965897 	 14.000000 	 17.554882
7010.000000 	 0.000000 	 14.000000 	 17.660288
7020.000000 	 42.628925 	 14.000000 	 17.589338
7030.000000 	 0.000000 	 14.000000 	 17.701153
7040.000000 	 44.063194 	 14.000000 	 17.629412
7050.000000 	 0.000000 	 14.000000 	 17.746553
7060.000000 	 45.472832 	 14.000000 	 17.673931
7070.000000 	 0.000000 	 14.000000 	 17.796207
7080.000000 	 46.639317 	 14.000000 	 17.722624
7090.000000 	 0.000000 	 14.000000 	 17.848919
7100.000000 	 47.772762 	 14.000000 	 17.774313
7110.000000 	 0.000000 	 14.000000 	 17.904430
7120.000000 	 48.862244 	 14.000000 	 17.828749
7130.000000 	 0.000000 	 14.000000 	 17.962446
7140.000000 	 49.699596 	 14.000000 	 17.885641
7150.000000 	 0.000000 	 14.000000 	 18.021797
7160.000000 	 50.489552 	 14.000000 	 17.943840
7170.000000 	 0.000000 	 14.000000 	 18.082232
7180.000000 	 51.223034 	 14.000000 	 18.003103
7190.000000 	 0.000000 	 14.000000 	 18.143467
7200.000000 	 51.696033 	 14.000000 	 18.063152
7210.000000 	 0.000000 	 14.000000 	 18.204365
7220.000000 	 52.111675 	 14.000000 	 18.122869
7230.000000 	 0.000000 	 14.000000 	 18.264692
7240.000000 	 52.462982 	 14.000000 	 18.182028
7250.000000 	 0.000000 	 14.000000 	 18.324198
7260.000000 	 52.743019 	 14.000000 	 18.240379
7270.000000 	 0.000000 	 14.000000 	 18.382610
7280.000000 	 52.764481 	 14.000000 	 18.297661
7290.000000 	 0.000000 	 14.000000 	 18.438873
7300.000000 	 52.717529 	 14.000000 	 18.352833
7310.000000 	 0.000000 	 14.000000 	 18.492777
7320.000000 	 52.597332 	 14.000000 	 18.405691
7330.000000 	 0.000000 	 14.000000 	 18.544098
7340.000000 	 52.399338 	 14.000000 	 18.456017
7350.000000 	 0.000000 	 14.000000 	 18.592606
7360.000000 	 0.000000 	 14.000000 	 18.503586
7370.000000 	 52.515892 	 14.000000 	 18.416290
7380.000000 	 0.000000 	 14.000000 	 18.554146
7390.000000 	 52.280357 	 14.000000 	 18.465872
7400.000000 	 0.000000 	 14.000000 	 18.601765
7410.000000 	 0.000000 	 14.000000 	 18.512568
7420.000000 	 52.370640 	 14.000000 	 18.425098
7430.000000 	 0.000000 	 14.000000 	 18.562164
7440.000000 	 52.034473 	 14.000000 	 18.473734
7450.000000 	 0.000000 	 14.000000 	 18.608427
7460.000000 	 0.000000 	 14.000000 	 18.519100
7470.000000 	 51.862335 	 14.000000 	 18.431503
7480.000000 	 0.000000 	 14.000000 	 18.566282
7490.000000 	 51.381981 	 14.000000 	 18.477772
7500.000000 	 0.000000 	 14.000000 	 18.609610
7510.000000 	 0.000000 	 14.000000 	 18.520260
7520.000000 	 51.022934 	 14.000000 	 18.432642
7530.000000 	 0.000000 	 14.000000 	 18.563828
7540.000000 	 50.363934 	 14.000000 	 18.475365
7550.000000 	 0.000000 	 14.000000 	 18.602919
7560.000000 	 0.000000 	 14.000000 	 18.513699
7570.000000 	 49.657608 	 14.000000 	 18.426207
7580.000000 	 0.000000 	 14.000000 	 18.551706
7590.000000 	 48.813248 	 14.000000 	 18.463478
7600.000000 	 0.000000 	 14.000000 	 18.584663
7610.000000 	 47.827744 	 14.000000 	 18.495796
7620.000000 	 0.000000 	 14.000000 	 18.612162
7630.000000 	 0.000000 	 14.000000 	 18.522762
7640.000000 	 46.680820 	 14.000000 	 18.435097
7650.000000 	 0.000000 	 14.000000 	 18.547758
7660.000000 	 45.545643 	 14.000000 	 18.459606
7670.000000 	 0.000000 	 14.000000 	 18.566963
7680.000000 	 44.298054 	 14.000000 	 18.478439
7690.000000 	 0.000000 	 14.000000 	 18.580122
7700.000000 	 42.953323 	 14.000000 	 18.491344
7710.000000 	 0.000000 	 14.000000 	 18.587055
7720.000000 	 41.528057 	 14.000000 	 18.498142
7730.000000 	 0.000000 	 14.000000 	 18.587658
7740.000000 	 40.039703 	 14.000000 	 18.498734
7750.000000 	 0.000000 	 14.000000 	 18.581903
7760.000000 	 38.506809 	 14.000000 	 18.493090
7770.000000 	 0.000000 	 14.000000 	 18.569847
7780.000000 	 36.948330 	 14.000000 	 18.481268
7790.000000 	 0.000000 	 14.000000 	 18.551622
7800.000000 	 35.383884 	 14.000000 	 18.463396
7810.000000 	 0.000000 	 14.000000 	 18.527441
7820.000000 	 33.833031 	 14.000000 	 18.439684
7830.000000 	 0.000000 	 14.000000 	 18.497589
7840.000000 	 32.315464 	 14.000000 	 18.410410
7850.000000 	 0.000000 	 14.000000 	 18.462425
7860.000000 	 30.731964 	 14.000000 	 18.375929
7870.000000 	 0.000000 	 14.000000 	 18.421875
7880.000000 	 29.229404 	 14.000000 	 18.336164
7890.000000 	 0.000000 	 14.000000 	 18.376488
7900.000000 	 27.826855 	 14.000000 	 18.291656
7910.000000 	 0.000000 	 14.000000 	 18.326874
7920.000000 	 26.542213 	 14.000000 	 18.243004
7930.000000 	 0.000000 	 14.000000 	 18.273699
7940.000000 	 25.391918 	 14.000000 	 18.190861
7950.000000 	 0.000000 	 14.000000 	 18.217672
7960.000000 	 24.391033 	 14.000000 	 18.135920
7970.000000 	 0.000000 	 14.000000 	 18.159536
7980.000000 	 23.552631 	 14.000000 	 18.078911
7990.000000 	 0.000000 	 14.000000 	 18.100065
8000.000000 	 22.888092 	 14.000000 	 18.020592
8010.000000 	 0.000000 	 14.000000 	 18.040049
8020.000000 	 22.406626 	 14.000000 	 17.961739
8030.000000 	 0.000000 	 14.000000 	 17.980288
8040.000000 	 22.115499 	 14.000000 	 17.903135
8050.000000 	 0.000000 	 14.000000 	 17.921581
8060.000000 	 22.018032 	 14.000000 	 17.845568
8070.000000 	 0.000000 	 14.000000 	 17.864716
8080.000000 	 22.115747 	 14.000000 	 17.789804
8090.000000 	 0.000000 	 14.000000 	 17.810450
8100.000000 	 22.406490 	 14.000000 	 17.736589
8110.000000 	 0.000000 	 14.000000 	 17.759502
8120.000000 	 22.886290 	 14.000000 	 17.686630
8130.000000 	 0.000000 	 14.000000 	 17.712553
8140.000000 	 23.549673 	 14.000000 	 17.640591
8150.000000 	 0.000000 	 14.000000 	 17.670229
8160.000000 	 24.387835 	 14.000000 	 17.599087
8170.000000 	 0.000000 	 14.000000 	 17.633095
8180.000000 	 25.390646 	 14.000000 	 17.562674
8190.000000 	 0.000000 	 14.000000 	 17.601654
8200.000000 	 26.546936 	 14.000000 	 17.531841
8210.000000 	 0.000000 	 14.000000 	 17.576340
8220.000000 	 27.842567 	 14.000000 	 17.507017
8230.000000 	 0.000000 	 14.000000 	 17.557510
8240.000000 	 29.262636 	 14.000000 	 17.488554
8250.000000 	 0.000000 	 14.000000 	 17.545448
8260.000000 	 30.791748 	 14.000000 	 17.476725
8270.000000 	 0.000000 	 14.000000 	 17.540354
8280.000000 	 32.413616 	 14.000000 	 17.471729
8290.000000 	 0.000000 	 14.000000 	 17.542356
8300.000000 	 34.110191 	 14.000000 	 17.473694
8310.000000 	 0.000000 	 14.000000 	 17.551502
8320.000000 	 35.863258 	 14.000000 	 17.482662
8330.000000 	 0.000000 	 14.000000 	 17.567757
8340.000000 	 37.654484 	 14.000000 	 17.498602
8350.000000 	 0.000000 	 14.000000 	 17.591009
8360.000000 	 39.465748 	 14.000000 	 17.521402
8370.000000 	 0.000000 	 14.000000 	 17.621075
8380.000000 	 41.071705 	 14.000000 	 17.550886
8390.000000 	 0.000000 	 14.000000 	 17.656820
8400.000000 	 42.680332 	 14.000000 	 17.585938
8410.000000 	 0.000000 	 14.000000 	 17.698036
8420.000000 	 44.063766 	 14.000000 	 17.626356
8430.000000 	 0.000000 	 14.000000 	 17.743559
8440.000000 	 45.437775 	 14.000000 	 17.670996
8450.000000 	 0.000000 	 14.000000 	 17.793180
8460.000000 	 46.788910 	 14.000000 	 17.719656
8470.000000 	 0.000000 	 14.000000 	 17.846645
8480.000000 	 47.898510 	 14.000000 	 17.772083
8490.000000 	 0.000000 	 14.000000 	 17.902777
8500.000000 	 48.976612 	 14.000000 	 17.827127
8510.000000 	 0.000000 	 14.000000 	 17.961342
8520.000000 	 49.804523 	 14.000000 	 17.884558
8530.000000 	 0.000000 	 14.000000 	 18.021183
8540.000000 	 50.596458 	 14.000000 	 17.943237
8550.000000 	 0.000000 	 14.000000 	 18.082094
8560.000000 	 51.342468 	 14.000000 	 18.002970
8570.000000 	 0.000000 	 14.000000 	 18.143843
8580.000000 	 51.834671 	 14.000000 	 18.063520
8590.000000 	 0.000000 	 14.000000 	 18.205315
8600.000000 	 52.278507 	 14.000000 	 18.123800
8610.000000 	 0.000000 	 14.000000 	 18.266315
8620.000000 	 52.665573 	 14.000000 	 18.183620
8630.000000 	 0.000000 	 14.000000 	 18.326622
8640.000000 	 52.796825 	 14.000000 	 18.242756
8650.000000 	 0.000000 	 14.000000 	 18.385170
8660.000000 	 52.871243 	 14.000000 	 18.300169
8670.000000 	 0.000000 	 14.000000 	 18.441786
8680.000000 	 52.882164 	 14.000000 	 18.355690
8690.000000 	 0.000000 	 14.000000 	 18.496279
8700.000000 	 52.823208 	 14.000000 	 18.409124
8710.000000 	 0.000000 	 14.000000 	 18.548426
8720.000000 	 52.687599 	 14.000000 	 18.460260
8730.000000 	 0.000000 	 14.000000 	 18.597994
8740.000000 	 0.000000 	 14.000000 	 18.508869
8750.000000 	 52.980556 	 14.000000 	 18.421471
8760.000000 	 0.000000 	 14.000000 	 18.561203
8770.000000 	 52.798458 	 14.000000 	 18.472792
8780.000000 	 0.000000 	 14.000000 	 18.610754
8790.000000 	 0.000000 	 14.000000 	 18.521381
8800.000000 	 52.891361 	 14.000000 	 18.433741
8810.000000 	 0.000000 	 14.000000 	 18.572855
8820.000000 	 52.598640 	 14.000000 	 18.484217
8830.000000 	 0.000000 	 14.000000 	 18.621107
8840.000000 	 0.000000 	 14.000000 	 18.531534
8850.000000 	 52.547421 	 14.000000 	 18.443697
8860.000000 	 0.000000 	 14.000000 	 18.581156
8870.000000 	 52.083782 	 14.000000 	 18.492357
8880.000000 	 0.000000 	 14.000000 	 18.626900
8890.000000 	 0.000000 	 14.000000 	 18.537214
8900.000000 	 51.675198 	 14.000000 	 18.449268
8910.000000 	 0.000000 	 14.000000 	 18.582907
8920.000000 	 51.005245 	 14.000000 	 18.494074
8930.000000 	 0.000000 	 14.000000 	 18.623993
8940.000000 	 0.000000 	 14.000000 	 18.534365
8950.000000 	 50.314114 	 14.000000 	 18.446474
8960.000000 	 0.000000 	 14.000000 	 18.574375
8970.000000 	 49.419689 	 14.000000 	 18.485708
8980.000000 	 0.000000 	 14.000000 	 18.609043
8990.000000 	 0.000000 	 14.000000 	 18.519705
9000.000000 	 48.332016 	 14.000000 	 18.432098
9010.000000 	 0.000000 	 14.000000 	 18.551844
9020.000000 	 47.230080 	 14.000000 	 18.463614
9030.000000 	 0.000000 	 14.000000 	 18.578060
9040.000000 	 45.988338 	 14.000000 	 18.489323
9050.000000 	 0.000000 	 14.000000 	 18.597988
9060.000000 	 0.000000 	 14.000000 	 18.508863
9070.000000 	 44.445263 	 14.000000 	 18.421465
9080.000000 	 0.000000 	 14.000000 	 18.524879
9090.000000 	 43.073673 	 14.000000 	 18.437172
9100.000000 	 0.000000 	 14.000000 	 18.534445
9110.000000 	 41.609798 	 14.000000 	 18.446552
9120.000000 	 0.000000 	 14.000000 	 18.537415
9130.000000 	 40.073689 	 14.000000 	 18.449465
9140.000000 	 0.000000 	 14.000000 	 18.533733
9150.000000 	 38.486465 	 14.000000 	 18.445854
9160.000000 	 0.000000 	 14.000000 	 18.523441
9170.000000 	 36.869751 	 14.000000 	 18.435762
9180.000000 	 0.000000 	 14.000000 	 18.506664
9190.000000 	 35.245884 	 14.000000 	 18.419310
9200.000000 	 0.000000 	 14.000000 	 18.483622
9210.000000 	 33.636982 	 14.000000 	 18.396713
9220.000000 	 0.000000 	 14.000000 	 18.454617
9230.000000 	 32.065224 	 14.000000 	 18.368271
9240.000000 	 0.000000 	 14.000000 	 18.420038
9250.000000 	 30.552223 	 14.000000 	 18.334364
9260.000000 	 0.000000 	 14.000000 	 18.380350
9270.000000 	 29.118998 	 14.000000 	 18.295444
9280.000000 	 0.000000 	 14.000000 	 18.336086
9290.000000 	 27.785448 	 14.000000 	 18.252037
9300.000000 	 0.000000 	 14.000000 	 18.287846
9310.000000 	 26.570107 	 14.000000 	 18.204733
9320.000000 	 0.000000 	 14.000000 	 18.236288
9330.000000 	 25.490362 	 14.000000 	 18.154175
9340.000000 	 0.000000 	 14.000000 	 18.182116
9350.000000 	 24.561775 	 14.000000 	 18.101051
9360.000000 	 0.000000 	 14.000000 	 18.126070
9370.000000 	 23.797939 	 14.000000 	 18.046093
9380.000000 	 0.000000 	 14.000000 	 18.068928
9390.000000 	 23.209780 	 14.000000 	 17.990059
9400.000000 	 0.000000 	 14.000000 	 18.011477
9410.000000 	 22.805403 	 14.000000 	 17.933720
9420.000000 	 0.000000 	 14.000000 	 17.954508
9430.000000 	 22.589844 	 14.000000 	 17.877855
9440.000000 	 0.000000 	 14.000000 	 17.898809
9450.000000 	 22.565596 	 14.000000 	 17.823236
9460.000000 	 0.000000 	 14.000000 	 17.845146
9470.000000 	 22.733288 	 14.000000 	 17.770613
9480.000000 	 0.000000 	 14.000000 	 17.794258
9490.000000 	 23.090734 	 14.000000 	 17.720713
9500.000000 	 0.000000 	 14.000000 	 17.746845
9510.000000 	 23.633595 	 14.000000 	 17.674217
9520.000000 	 0.000000 	 14.000000 	 17.703560
9530.000000 	 24.354717 	 14.000000 	 17.631771
9540.000000 	 0.000000 	 14.000000 	 17.665005
9550.000000 	 25.244986 	 14.000000 	 17.593964
9560.000000 	 0.000000 	 14.000000 	 17.631720
9570.000000 	 26.293991 	 14.000000 	 17.561325
9580.000000 	 0.000000 	 14.000000 	 17.604177
9590.000000 	 27.489531 	 14.000000 	 17.534317
9600.000000 	 0.000000 	 14.000000 	 17.582779
9610.000000 	 28.817600 	 14.000000 	 17.513332
9620.000000 	 0.000000 	 14.000000 	 17.567852
9630.000000 	 30.263369 	 14.000000 	 17.498695
9640.000000 	 0.000000 	 14.000000 	 17.559650
9650.000000 	 31.810795 	 14.000000 	 17.490652
9660.000000 	 0.000000 	 14.000000 	 17.558348
9670.000000 	 33.442501 	 14.000000 	 17.489374
9680.000000 	 0.000000 	 14.000000 	 17.564039
9690.000000 	 35.140949 	 14.000000 	 17.494955
9700.000000 	 0.000000 	 14.000000 	 17.576736
9710.000000 	 36.888512 	 14.000000 	 17.507406
9720.000000 	 0.000000 	 14.000000 	 17.596384
9730.000000 	 38.667480 	 14.000000 	 17.526674
9740.000000 	 0.000000 	 14.000000 	 17.622849
9750.000000 	 40.246052 	 14.000000 	 17.552626
9760.000000 	 0.000000 	 14.000000 	 17.655012
9770.000000 	 41.840137 	 14.000000 	 17.584166
9780.000000 	 0.000000 	 14.000000 	 17.692724
9790.000000 	 43.434452 	 14.000000 	 17.621147
9800.000000 	 0.000000 	 14.000000 	 17.735773
9810.000000 	 44.805073 	 14.000000 	 17.663361
9820.000000 	 0.000000 	 14.000000 	 17.782999
9830.000000 	 46.163891 	 14.000000 	 17.709671
9840.000000 	 0.000000 	 14.000000 	 17.834196
9850.000000 	 47.284519 	 14.000000 	 17.759876
9860.000000 	 0.000000 	 14.000000 	 17.888195
9870.000000 	 48.385639 	 14.000000 	 17.812828
9880.000000 	 0.000000 	 14.000000 	 17.944807
9890.000000 	 49.455566 	 14.000000 	 17.868343
9900.000000 	 0.000000 	 14.000000 	 18.003798
9910.000000 	 50.277214 	 14.000000 	 17.926189
9920.000000 	 0.000000 	 14.000000 	 18.064018
9930.000000 	 51.061832 	 14.000000 	 17.985243
9940.000000 	 0.000000 	 14.000000 	 18.125267
9950.000000 	 51.594097 	 14.000000 	 18.045305
9960.000000 	 0.000000 	 14.000000 	 18.186430
9970.000000 	 52.086559 	 14.000000 	 18.105282
9980.000000 	 0.000000 	 14.000000 	 18.247339
9990.000000 	 52.530106 	 14.000000 	 18.165010
10000.000000 	 0.000000 	 14.000000 	 18.307796
10010.000000 	 52.721466 	 14.000000 	 18.224297
10020.000000 	 0.000000 	 14.000000 	 18.366749
10030.000000 	 52.862213 	 14.000000 	 18.282106
10040.000000 	 0.000000 	 14.000000 	 18.424036
10050.000000 	 52.944519 	 14.000000 	 18.338284
10060.000000 	 0.000000 	 14.000000 	 18.479475
10070.000000 	 52.778183 	 14.000000 	 18.392647
10080.000000 	 0.000000 	 14.000000 	 18.532076
10090.000000 	 52.553574 	 14.000000 	 18.444229
10100.000000 	 0.000000 	 14.000000 	 18.581703
10110.000000 	 52.264809 	 14.000000 	 18.492893
10120.000000 	 0.000000 	 14.000000 	 18.628195
10130.000000 	 0.000000 	 14.000000 	 18.538485
10140.000000 	 52.345299 	 14.000000 	 18.450514
10150.000000 	 0.000000 	 14.000000 	 18.586979
10160.000000 	 52.039776 	 14.000000 	 18.498068
10170.000000 	 0.000000 	 14.000000 	 18.632311
10180.000000 	 0.000000 	 14.000000 	 18.542521
10190.000000 	 51.961136 	 14.000000 	 18.454472
10200.000000 	 0.000000 	 14.000000 	 18.589226
10210.000000 	 0.000000 	 14.000000 	 18.500271
10220.000000 	 51.969669 	 14.000000 	 18.413040
10230.000000 	 0.000000 	 14.000000 	 18.548634
10240.000000 	 51.563774 	 14.000000 	 18.460466
10250.000000 	 0.000000 	 14.000000 	 18.593414
10260.000000 	 0.000000 	 14.000000 	 18.504377
10270.000000 	 51.256752 	 14.000000 	 18.417067
10280.000000 	 0.000000 	 14.000000 	 18.549549
10290.000000 	 50.669769 	 14.000000 	 18.461363
10300.000000 	 0.000000 	 14.000000 	 18.590488
10310.000000 	 0.000000 	 14.000000 	 18.501509
10320.000000 	 50.116100 	 14.000000 	 18.414253
10330.000000 	 0.000000 	 14.000000 	 18.541937
10340.000000 	 49.320873 	 14.000000 	 18.453897
10350.000000 	 0.000000 	 14.000000 	 18.577429
10360.000000 	 48.373074 	 14.000000 	 18.488703
10370.000000 	 0.000000 	 14.000000 	 18.607527
10380.000000 	 0.000000 	 14.000000 	 18.518217
10390.000000 	 47.217274 	 14.000000 	 18.430637
10400.000000 	 0.000000 	 14.000000 	 18.545668
10410.000000 	 46.091511 	 14.000000 	 18.457556
10420.000000 	 0.000000 	 14.000000 	 18.567276
10430.000000 	 44.839725 	 14.000000 	 18.478746
10440.000000 	 0.000000 	 14.000000 	 18.582727
10450.000000 	 43.477386 	 14.000000 	 18.493898
10460.000000 	 0.000000 	 14.000000 	 18.591789
10470.000000 	 0.000000 	 14.000000 	 18.502785
10480.000000 	 41.781864 	 14.000000 	 18.415504
10490.000000 	 0.000000 	 14.000000 	 18.507702
10500.000000 	 40.360012 	 14.000000 	 18.420328
10510.000000 	 0.000000 	 14.000000 	 18.506382
10520.000000 	 38.879604 	 14.000000 	 18.419033
10530.000000 	 0.000000 	 14.000000 	 18.498812
10540.000000 	 37.360851 	 14.000000 	 18.411610
10550.000000 	 0.000000 	 14.000000 	 18.485069
10560.000000 	 35.824783 	 14.000000 	 18.398132
10570.000000 	 0.000000 	 14.000000 	 18.465317
10580.000000 	 34.292507 	 14.000000 	 18.378763
10590.000000 	 0.000000 	 14.000000 	 18.439804
10600.000000 	 32.785412 	 14.000000 	 18.353745
10610.000000 	 0.000000 	 14.000000 	 18.408857
10620.000000 	 31.324415 	 14.000000 	 18.323399
10630.000000 	 0.000000 	 14.000000 	 18.372883
10640.000000 	 29.930058 	 14.000000 	 18.288122
10650.000000 	 0.000000 	 14.000000 	 18.332357
10660.000000 	 28.622128 	 14.000000 	 18.248381
10670.000000 	 0.000000 	 14.000000 	 18.287821
10680.000000 	 27.419100 	 14.000000 	 18.204708
10690.000000 	 0.000000 	 14.000000 	 18.239876
10700.000000 	 26.338497 	 14.000000 	 18.157692
10710.000000 	 0.000000 	 14.000000 	 18.189173
10720.000000 	 25.396175 	 14.000000 	 18.107971
10730.000000 	 0.000000 	 14.000000 	 18.136408
10740.000000 	 24.606266 	 14.000000 	 18.056231
10750.000000 	 0.000000 	 14.000000 	 18.082308
10760.000000 	 23.980490 	 14.000000 	 18.003178
10770.000000 	 0.000000 	 14.000000 	 18.027620
10780.000000 	 23.527451 	 14.000000 	 17.949551
10790.000000 	 0.000000 	 14.000000 	 17.973104
10800.000000 	 23.254230 	 14.000000 	 17.896091
10810.000000 	 0.000000 	 14.000000 	 17.919519
10820.000000 	 23.164989 	 14.000000 	 17.843546
10830.000000 	 0.000000 	 14.000000 	 17.867613
10840.000000 	 23.261396 	 14.000000 	 17.792645
10850.000000 	 0.000000 	 14.000000 	 17.818108
10860.000000 	 23.542229 	 14.000000 	 17.744101
10870.000000 	 0.000000 	 14.000000 	 17.771700
10880.000000 	 24.004183 	 14.000000 	 17.698591
10890.000000 	 0.000000 	 14.000000 	 17.729038
10900.000000 	 0.000000 	 14.000000 	 17.656757
10910.000000 	 25.258604 	 14.000000 	 17.585876
10920.000000 	 0.000000 	 14.000000 	 17.623846
10930.000000 	 26.227448 	 14.000000 	 17.553604
10940.000000 	 0.000000 	 14.000000 	 17.596323
10950.000000 	 27.343498 	 14.000000 	 17.526615
10960.000000 	 0.000000 	 14.000000 	 17.574606
10970.000000 	 28.593935 	 14.000000 	 17.505318
10980.000000 	 0.000000 	 14.000000 	 17.559042
10990.000000 	 29.965071 	 14.000000 	 17.490055
11000.000000 	 0.000000 	 14.000000 	 17.549910
11010.000000 	 31.442709 	 14.000000 	 17.481100
11020.000000 	 0.000000 	 14.000000 	 17.547415
11030.000000 	 33.010612 	 14.000000 	 17.478653
11040.000000 	 0.000000 	 14.000000 	 17.551687
11050.000000 	 34.652130 	 14.000000 	 17.482843
11060.000000 	 0.000000 	 14.000000 	 17.562780
11070.000000 	 36.350670 	 14.000000 	 17.493721
11080.000000 	 0.000000 	 14.000000 	 17.580675
11090.000000 	 38.087929 	 14.000000 	 17.511269
11100.000000 	 0.000000 	 14.000000 	 17.605274
11110.000000 	 39.845879 	 14.000000 	 17.535391
11120.000000 	 0.000000 	 14.000000 	 17.636410
11130.000000 	 41.606796 	 14.000000 	 17.565924
11140.000000 	 0.000000 	 14.000000 	 17.673843
11150.000000 	 43.147339 	 14.000000 	 17.602631
11160.000000 	 0.000000 	 14.000000 	 17.716394
11170.000000 	 44.675556 	 14.000000 	 17.644358
11180.000000 	 0.000000 	 14.000000 	 17.763815
11190.000000 	 45.966076 	 14.000000 	 17.690859
11200.000000 	 0.000000 	 14.000000 	 17.814905
11210.000000 	 47.233524 	 14.000000 	 17.740959
11220.000000 	 0.000000 	 14.000000 	 17.869429
11230.000000 	 48.260822 	 14.000000 	 17.794426
11240.000000 	 0.000000 	 14.000000 	 17.926229
11250.000000 	 49.259499 	 14.000000 	 17.850126
11260.000000 	 0.000000 	 14.000000 	 17.985100
11270.000000 	 50.010891 	 14.000000 	 17.907854
11280.000000 	 0.000000 	 14.000000 	 18.044905
11290.000000 	 50.730591 	 14.000000 	 17.966501
11300.000000 	 0.000000 	 14.000000 	 18.105478
11310.000000 	 51.409966 	 14.000000 	 18.025900
11320.000000 	 0.000000 	 14.000000 	 18.166616
11330.000000 	 51.840401 	 14.000000 	 18.085854
11340.000000 	 0.000000 	 14.000000 	 18.227240
11350.000000 	 52.229778 	 14.000000 	 18.145302
11360.000000 	 0.000000 	 14.000000 	 18.287191
11370.000000 	 52.570229 	 14.000000 	 18.204090
11380.000000 	 0.000000 	 14.000000 	 18.346289
11390.000000 	 52.660152 	 14.000000 	 18.262043
11400.000000 	 0.000000 	 14.000000 	 18.403502
11410.000000 	 52.701141 	 14.000000 	 18.318146
11420.000000 	 0.000000 	 14.000000 	 18.458693
11430.000000 	 52.686337 	 14.000000 	 18.372267
11440.000000 	 0.000000 	 14.000000 	 18.511700
11450.000000 	 52.608826 	 14.000000 	 18.424248
11460.000000 	 0.000000 	 14.000000 	 18.562344
11470.000000 	 52.461800 	 14.000000 	 18.473909
11480.000000 	 0.000000 	 14.000000 	 18.610418
11490.000000 	 0.000000 	 14.000000 	 18.521051
11500.000000 	 52.414814 	 14.000000 	 18.433418
11510.000000 	 0.000000 	 14.000000 	 18.570511
11520.000000 	 52.094620 	 14.000000 	 18.481918
11530.000000 	 0.000000 	 14.000000 	 18.616709
11540.000000 	 0.000000 	 14.000000 	 18.527220
11550.000000 	 52.087788 	 14.000000 	 18.439466
11560.000000 	 0.000000 	 14.000000 	 18.575050
11570.000000 	 51.705967 	 14.000000 	 18.486370
11580.000000 	 0.000000 	 14.000000 	 18.619421
11590.000000 	 0.000000 	 14.000000 	 18.529881
11600.000000 	 51.484764 	 14.000000 	 18.442076
11610.000000 	 0.000000 	 14.000000 	 18.575045
11620.000000 	 50.987705 	 14.000000 	 18.486364
11630.000000 	 0.000000 	 14.000000 	 18.616360
11640.000000 	 0.000000 	 14.000000 	 18.526878
11650.000000 	 50.615406 	 14.000000 	 18.439131
11660.000000 	 0.000000 	 14.000000 	 18.568457
11670.000000 	 49.956997 	 14.000000 	 18.479904
11680.000000 	 0.000000 	 14.000000 	 18.605639
11690.000000 	 0.000000 	 14.000000 	 18.516365
11700.000000 	 49.255268 	 14.000000 	 18.428822
11710.000000 	 0.000000 	 14.000000 	 18.552559
11720.000000 	 48.419231 	 14.000000 	 18.464314
11730.000000 	 0.000000 	 14.000000 	 18.583807
11740.000000 	 47.443226 	 14.000000 	 18.494957
11750.000000 	 0.000000 	 14.000000 	 18.609703
11760.000000 	 0.000000 	 14.000000 	 18.520351
11770.000000 	 46.305923 	 14.000000 	 18.432732
11780.000000 	 0.000000 	 14.000000 	 18.543844
11790.000000 	 45.177879 	 14.000000 	 18.455769
11800.000000 	 0.000000 	 14.000000 	 18.561636
11810.000000 	 43.936100 	 14.000000 	 18.473215
11820.000000 	 0.000000 	 14.000000 	 18.573460
11830.000000 	 42.595459 	 14.000000 	 18.484810
11840.000000 	 0.000000 	 14.000000 	 18.579124
11850.000000 	 41.172306 	 14.000000 	 18.490366
11860.000000 	 0.000000 	 14.000000 	 18.578518
11870.000000 	 39.684368 	 14.000000 	 18.489771
11880.000000 	 0.000000 	 14.000000 	 18.571602
11890.000000 	 38.150234 	 14.000000 	 18.482988
11900.000000 	 0.000000 	 14.000000 	 18.558424
11910.000000 	 36.488636 	 14.000000 	 18.470066
11920.000000 	 0.000000 	 14.000000 	 18.538681
11930.000000 	 34.828388 	 14.000000 	 18.450705
11940.000000 	 0.000000 	 14.000000 	 18.512630
11950.000000 	 33.190544 	 14.000000 	 18.425159
11960.000000 	 0.000000 	 14.000000 	 18.480612
11970.000000 	 31.596272 	 14.000000 	 18.393761
11980.000000 	 0.000000 	 14.000000 	 18.443039
11990.000000 	 30.066071 	 14.000000 	 18.356916
12000.000000 	 0.000000 	 14.000000 	 18.400398
12010.000000 	 28.619860 	 14.000000 	 18.315104
12020.000000 	 0.000000 	 14.000000 	 18.353241
12030.000000 	 27.276747 	 14.000000 	 18.268860
12040.000000 	 0.000000 	 14.000000 	 18.302179
12050.000000 	 26.054476 	 14.000000 	 18.218788
12060.000000 	 0.000000 	 14.000000 	 18.247877
12070.000000 	 24.969532 	 14.000000 	 18.165539
12080.000000 	 0.000000 	 14.000000 	 18.191044
12090.000000 	 24.036879 	 14.000000 	 18.109806
12100.000000 	 0.000000 	 14.000000 	 18.132423
12110.000000 	 23.269560 	 14.000000 	 18.052322
12120.000000 	 0.000000 	 14.000000 	 18.072788
12130.000000 	 22.678923 	 14.000000 	 17.993843
12140.000000 	 0.000000 	 14.000000 	 18.012928
12150.000000 	 22.274126 	 14.000000 	 17.935144
12160.000000 	 0.000000 	 14.000000 	 17.953646
12170.000000 	 22.060726 	 14.000000 	 17.877010
12180.000000 	 0.000000 	 14.000000 	 17.895731
12190.000000 	 22.042055 	 14.000000 	 17.820219
12200.000000 	 0.000000 	 14.000000 	 17.839960
12210.000000 	 22.217991 	 14.000000 	 17.765530
12220.000000 	 0.000000 	 14.000000 	 17.787079
12230.000000 	 22.586611 	 14.000000 	 17.713673
12240.000000 	 0.000000 	 14.000000 	 17.737795
12250.000000 	 23.142473 	 14.000000 	 17.665344
12260.000000 	 0.000000 	 14.000000 	 17.692770
12270.000000 	 23.878862 	 14.000000 	 17.621191
12280.000000 	 0.000000 	 14.000000 	 17.652605
12290.000000 	 24.785820 	 14.000000 	 17.581804
12300.000000 	 0.000000 	 14.000000 	 17.617842
12310.000000 	 25.852324 	 14.000000 	 17.547716
12320.000000 	 0.000000 	 14.000000 	 17.588953
12330.000000 	 27.066555 	 14.000000 	 17.519386
12340.000000 	 0.000000 	 14.000000 	 17.566338
12350.000000 	 28.413845 	 14.000000 	 17.497210
12360.000000 	 0.000000 	 14.000000 	 17.550323
12370.000000 	 29.879101 	 14.000000 	 17.481506
12380.000000 	 0.000000 	 14.000000 	 17.541161
12390.000000 	 31.446711 	 14.000000 	 17.472521
12400.000000 	 0.000000 	 14.000000 	 17.539019
12410.000000 	 33.098999 	 14.000000 	 17.470421
12420.000000 	 0.000000 	 14.000000 	 17.543991
12430.000000 	 34.818306 	 14.000000 	 17.475296
12440.000000 	 0.000000 	 14.000000 	 17.556087
12450.000000 	 36.586807 	 14.000000 	 17.487158
12460.000000 	 0.000000 	 14.000000 	 17.575245
12470.000000 	 38.386890 	 14.000000 	 17.505943
12480.000000 	 0.000000 	 14.000000 	 17.601324
12490.000000 	 40.200939 	 14.000000 	 17.531519
12500.000000 	 0.000000 	 14.000000 	 17.634123
12510.000000 	 41.803371 	 14.000000 	 17.563681
12520.000000 	 0.000000 	 14.000000 	 17.672480
12530.000000 	 43.401390 	 14.000000 	 17.601295
12540.000000 	 0.000000 	 14.000000 	 17.716166
12550.000000 	 44.768387 	 14.000000 	 17.644135
12560.000000 	 0.000000 	 14.000000 	 17.763990
12570.000000 	 46.118862 	 14.000000 	 17.691031
12580.000000 	 0.000000 	 14.000000 	 17.815723
12590.000000 	 47.439537 	 14.000000 	 17.741762
12600.000000 	 0.000000 	 14.000000 	 17.871092
12610.000000 	 48.513550 	 14.000000 	 17.796057
12620.000000 	 0.000000 	 14.000000 	 17.928904
12630.000000 	 49.550053 	 14.000000 	 17.852747
12640.000000 	 0.000000 	 14.000000 	 17.988905
12650.000000 	 50.332329 	 14.000000 	 17.911587
12660.000000 	 0.000000 	 14.000000 	 18.049934
12670.000000 	 51.073551 	 14.000000 	 17.971434
12680.000000 	 0.000000 	 14.000000 	 18.111774
12690.000000 	 51.764694 	 14.000000 	 18.032074
12700.000000 	 0.000000 	 14.000000 	 18.174181
12710.000000 	 52.199856 	 14.000000 	 18.093271
12720.000000 	 0.000000 	 14.000000 	 18.236042
12730.000000 	 52.583687 	 14.000000 	 18.153933
12740.000000 	 0.000000 	 14.000000 	 18.297161
12750.000000 	 52.908527 	 14.000000 	 18.213867
12760.000000 	 0.000000 	 14.000000 	 18.357317
12770.000000 	 52.977322 	 14.000000 	 18.272858
12780.000000 	 0.000000 	 14.000000 	 18.415457
12790.000000 	 52.988350 	 14.000000 	 18.329870
12800.000000 	 0.000000 	 14.000000 	 18.471411
12810.000000 	 52.935604 	 14.000000 	 18.384739
12820.000000 	 0.000000 	 14.000000 	 18.524992
12830.000000 	 52.812901 	 14.000000 	 18.437283
12840.000000 	 0.000000 	 14.000000 	 18.575994
12850.000000 	 52.614437 	 14.000000 	 18.487295
12860.000000 	 0.000000 	 14.000000 	 18.624193
12870.000000 	 0.000000 	 14.000000 	 18.534561
12880.000000 	 52.813564 	 14.000000 	 18.446667
12890.000000 	 0.000000 	 14.000000 	 18.585199
12900.000000 	 52.572071 	 14.000000 	 18.496323
12910.000000 	 0.000000 	 14.000000 	 18.632866
12920.000000 	 0.000000 	 14.000000 	 18.543066
12930.000000 	 52.576378 	 14.000000 	 18.455006
12940.000000 	 0.000000 	 14.000000 	 18.592367
12950.000000 	 0.000000 	 14.000000 	 18.503351
12960.000000 	 52.646004 	 14.000000 	 18.416059
12970.000000 	 0.000000 	 14.000000 	 18.554474
12980.000000 	 52.264492 	 14.000000 	 18.466192
12990.000000 	 0.000000 	 14.000000 	 18.602011
13000.000000 	 0.000000 	 14.000000 	 18.512808
13010.000000 	 51.982464 	 14.000000 	 18.425335
13020.000000 	 0.000000 	 14.000000 	 18.560745
13030.000000 	 51.395794 	 14.000000 	 18.472342
13040.000000 	 0.000000 	 14.000000 	 18.604343
13050.000000 	 0.000000 	 14.000000 	 18.515095
13060.000000 	 50.831768 	 14.000000 	 18.427576
13070.000000 	 0.000000 	 14.000000 	 18.558046
13080.000000 	 50.015217 	 14.000000 	 18.469696
13090.000000 	 0.000000 	 14.000000 	 18.595877
13100.000000 	 0.000000 	 14.000000 	 18.506792
13110.000000 	 49.042328 	 14.000000 	 18.419434
13120.000000 	 0.000000 	 14.000000 	 18.542446
13130.000000 	 48.006359 	 14.000000 	 18.454397
13140.000000 	 0.000000 	 14.000000 	 18.572325
13150.000000 	 46.822884 	 14.000000 	 18.483698
13160.000000 	 0.000000 	 14.000000 	 18.596022
13170.000000 	 0.000000 	 14.000000 	 18.506935
13180.000000 	 45.360783 	 14.000000 	 18.419575
13190.000000 	 0.000000 	 14.000000 	 18.526920
13200.000000 	 44.026974 	 14.000000 	 18.439173
13210.000000 	 0.000000 	 14.000000 	 18.540464
13220.000000 	 42.589928 	 14.000000 	 18.452456
13230.000000 	 0.000000 	 14.000000 	 18.547373
13240.000000 	 41.069370 	 14.000000 	 18.459229
13250.000000 	 0.000000 	 14.000000 	 18.547544
13260.000000 	 39.485828 	 14.000000 	 18.459396
13270.000000 	 0.000000 	 14.000000 	 18.540972
13280.000000 	 37.860844 	 14.000000 	 18.452951
13290.000000 	 0.000000 	 14.000000 	 18.527737
13300.000000 	 36.216522 	 14.000000 	 18.439974
13310.000000 	 0.000000 	 14.000000 	 18.508015
13320.000000 	 34.575325 	 14.000000 	 18.420633
13330.000000 	 0.000000 	 14.000000 	 18.482067
13340.000000 	 32.959461 	 14.000000 	 18.395189
13350.000000 	 0.000000 	 14.000000 	 18.450239
13360.000000 	 31.391081 	 14.000000 	 18.363977
13370.000000 	 0.000000 	 14.000000 	 18.412958
13380.000000 	 29.891535 	 14.000000 	 18.327419
13390.000000 	 0.000000 	 14.000000 	 18.370729
13400.000000 	 28.481457 	 14.000000 	 18.286009
13410.000000 	 0.000000 	 14.000000 	 18.324121
13420.000000 	 27.180275 	 14.000000 	 18.240305
13430.000000 	 0.000000 	 14.000000 	 18.273767
13440.000000 	 26.006151 	 14.000000 	 18.190928
13450.000000 	 0.000000 	 14.000000 	 18.220350
13460.000000 	 24.975664 	 14.000000 	 18.138546
13470.000000 	 0.000000 	 14.000000 	 18.164598
13480.000000 	 24.103670 	 14.000000 	 18.083874
13490.000000 	 0.000000 	 14.000000 	 18.107277
13500.000000 	 23.402916 	 14.000000 	 18.027664
13510.000000 	 0.000000 	 14.000000 	 18.049175
13520.000000 	 22.883537 	 14.000000 	 17.970688
13530.000000 	 0.000000 	 14.000000 	 17.991093
13540.000000 	 22.552551 	 14.000000 	 17.913731
13550.000000 	 0.000000 	 14.000000 	 17.933832
13560.000000 	 22.414076 	 14.000000 	 17.857582
13570.000000 	 0.000000 	 14.000000 	 17.878181
13580.000000 	 22.469770 	 14.000000 	 17.803009
13590.000000 	 0.000000 	 14.000000 	 17.824903
13600.000000 	 22.719025 	 14.000000 	 17.750765
13610.000000 	 0.000000 	 14.000000 	 17.774733
13620.000000 	 23.158951 	 14.000000 	 17.701565
13630.000000 	 0.000000 	 14.000000 	 17.728359
13640.000000 	 23.783726 	 14.000000 	 17.656092
13650.000000 	 0.000000 	 14.000000 	 17.686424
13660.000000 	 24.585585 	 14.000000 	 17.614969
13670.000000 	 0.000000 	 14.000000 	 17.649511
13680.000000 	 25.554314 	 14.000000 	 17.578772
13690.000000 	 0.000000 	 14.000000 	 17.618137
13700.000000 	 26.678591 	 14.000000 	 17.548006
13710.000000 	 0.000000 	 14.000000 	 17.592752
13720.000000 	 27.945271 	 14.000000 	 17.523113
13730.000000 	 0.000000 	 14.000000 	 17.573732
13740.000000 	 29.339531 	 14.000000 	 17.504461
13750.000000 	 0.000000 	 14.000000 	 17.561375
13760.000000 	 30.845810 	 14.000000 	 17.492344
13770.000000 	 0.000000 	 14.000000 	 17.555901
13780.000000 	 32.447426 	 14.000000 	 17.486975
13790.000000 	 0.000000 	 14.000000 	 17.557451
13800.000000 	 34.126350 	 14.000000 	 17.488495
13810.000000 	 0.000000 	 14.000000 	 17.566086
13820.000000 	 35.864491 	 14.000000 	 17.496964
13830.000000 	 0.000000 	 14.000000 	 17.581785
13840.000000 	 37.643951 	 14.000000 	 17.512358
13850.000000 	 0.000000 	 14.000000 	 17.604454
13860.000000 	 39.446590 	 14.000000 	 17.534588
13870.000000 	 0.000000 	 14.000000 	 17.633923
13880.000000 	 41.040955 	 14.000000 	 17.563484
13890.000000 	 0.000000 	 14.000000 	 17.669043
13900.000000 	 42.642132 	 14.000000 	 17.597923
13910.000000 	 0.000000 	 14.000000 	 17.709627
13920.000000 	 44.234833 	 14.000000 	 17.637722
13930.000000 	 0.000000 	 14.000000 	 17.755432
13940.000000 	 45.596081 	 14.000000 	 17.682640
13950.000000 	 0.000000 	 14.000000 	 17.805271
13960.000000 	 46.723629 	 14.000000 	 17.731512
13970.000000 	 0.000000 	 14.000000 	 17.857994
13980.000000 	 47.836555 	 14.000000 	 17.783213
13990.000000 	 0.000000 	 14.000000 	 17.913427
14000.000000 	 48.923550 	 14.000000 	 17.837572
14010.000000 	 0.000000 	 14.000000 	 17.971359
14020.000000 	 49.766846 	 14.000000 	 17.894381
14030.000000 	 0.000000 	 14.000000 	 18.030655
14040.000000 	 50.578915 	 14.000000 	 17.952526
14050.000000 	 0.000000 	 14.000000 	 18.091129
14060.000000 	 51.142544 	 14.000000 	 18.011829
14070.000000 	 0.000000 	 14.000000 	 18.151680
14080.000000 	 51.672417 	 14.000000 	 18.071207
14090.000000 	 0.000000 	 14.000000 	 18.212162
14100.000000 	 52.159554 	 14.000000 	 18.130516
14110.000000 	 0.000000 	 14.000000 	 18.272394
14120.000000 	 52.398048 	 14.000000 	 18.189579
14130.000000 	 0.000000 	 14.000000 	 18.331327
14140.000000 	 52.591812 	 14.000000 	 18.247372
14150.000000 	 0.000000 	 14.000000 	 18.388824
14160.000000 	 52.733006 	 14.000000 	 18.303753
14170.000000 	 0.000000 	 14.000000 	 18.444714
14180.000000 	 52.627247 	 14.000000 	 18.358559
14190.000000 	 0.000000 	 14.000000 	 18.498007
14200.000000 	 52.468517 	 14.000000 	 18.410820
14210.000000 	 0.000000 	 14.000000 	 18.548580
14220.000000 	 52.250332 	 14.000000 	 18.460413
14230.000000 	 0.000000 	 14.000000 	 18.596283
14240.000000 	 0.000000 	 14.000000 	 18.507191
14250.000000 	 52.445850 	 14.000000 	 18.419827
14260.000000 	 0.000000 	 14.000000 	 18.557316
14270.000000 	 52.220047 	 14.000000 	 18.468979
14280.000000 	 0.000000 	 14.000000 	 18.604553
14290.000000 	 0.000000 	 14.000000 	 18.515301
14300.000000 	 52.266598 	 14.000000 	 18.427778
14310.000000 	 0.000000 	 14.000000 	 18.564350
14320.000000 	 51.962799 	 14.000000 	 18.475878
14330.000000 	 0.000000 	 14.000000 	 18.610224
14340.000000 	 0.000000 	 14.000000 	 18.520861
14350.000000 	 51.909813 	 14.000000 	 18.433231
14360.000000 	 0.000000 	 14.000000 	 18.568180
14370.000000 	 51.460064 	 14.000000 	 18.479633
14380.000000 	 0.000000 	 14.000000 	 18.611767
14390.000000 	 0.000000 	 14.000000 	 18.522375
14400.000000 	 51.082432 	 14.000000 	 18.434715
14410.000000 	 0.000000 	 14.000000 	 18.566114
14420.000000 	 50.446907 	 14.000000 	 18.477608
14430.000000 	 0.000000 	 14.000000 	 18.605471
14440.000000 	 0.000000 	 14.000000 	 18.516201
14450.000000 	 49.816360 	 14.000000 	 18.428661
14460.000000 	 0.000000 	 14.000000 	 18.554790
14470.000000 	 48.972214 	 14.000000 	 18.466503
14480.000000 	 0.000000 	 14.000000 	 18.588306
14490.000000 	 47.977135 	 14.000000 	 18.499371
14500.000000 	 0.000000 	 14.000000 	 18.616302
14510.000000 	 0.000000 	 14.000000 	 18.526823
14520.000000 	 46.750397 	 14.000000 	 18.439077
14530.000000 	 0.000000 	 14.000000 	 18.551958
14540.000000 	 45.583252 	 14.000000 	 18.463724
14550.000000 	 0.000000 	 14.000000 	 18.571161
14560.000000 	 44.294449 	 14.000000 	 18.482555
14570.000000 	 0.000000 	 14.000000 	 18.584143
14580.000000 	 42.900097 	 14.000000 	 18.495285
14590.000000 	 0.000000 	 14.000000 	 18.590694
14600.000000 	 0.000000 	 14.000000 	 18.501711
14610.000000 	 41.160358 	 14.000000 	 18.414452
14620.000000 	 0.000000 	 14.000000 	 18.504025
14630.000000 	 39.719852 	 14.000000 	 18.416721
14640.000000 	 0.000000 	 14.000000 	 18.500120
14650.000000 	 38.227879 	 14.000000 	 18.412891
14660.000000 	 0.000000 	 14.000000 	 18.490017
14670.000000 	 36.704979 	 14.000000 	 18.402985
14680.000000 	 0.000000 	 14.000000 	 18.473822
14690.000000 	 35.172417 	 14.000000 	 18.387104
14700.000000 	 0.000000 	 14.000000 	 18.451727
14710.000000 	 33.651699 	 14.000000 	 18.365437
14720.000000 	 0.000000 	 14.000000 	 18.424009
14730.000000 	 32.163994 	 14.000000 	 18.338257
14740.000000 	 0.000000 	 14.000000 	 18.391026
14750.000000 	 30.730389 	 14.000000 	 18.305912
14760.000000 	 0.000000 	 14.000000 	 18.353207
14770.000000 	 29.371122 	 14.000000 	 18.268827
14780.000000 	 0.000000 	 14.000000 	 18.311058
14790.000000 	 28.105766 	 14.000000 	 18.227495
14800.000000 	 0.000000 	 14.000000 	 18.265144
14810.000000 	 26.952576 	 14.000000 	 18.182470
14820.000000 	 0.000000 	 14.000000 	 18.216084
14830.000000 	 25.928406 	 14.000000 	 18.134361
14840.000000 	 0.000000 	 14.000000 	 18.164551
14850.000000 	 25.048681 	 14.000000 	 18.083828
14860.000000 	 0.000000 	 14.000000 	 18.111252
14870.000000 	 24.327085 	 14.000000 	 18.031561
14880.000000 	 0.000000 	 14.000000 	 18.056929
14890.000000 	 23.774296 	 14.000000 	 17.978291
14900.000000 	 0.000000 	 14.000000 	 18.002338
14910.000000 	 23.398375 	 14.000000 	 17.924759
14920.000000 	 0.000000 	 14.000000 	 17.948244
14930.000000 	 23.205494 	 14.000000 	 17.871714
14940.000000 	 0.000000 	 14.000000 	 17.895407
14950.000000 	 23.199024 	 14.000000 	 17.819901
14960.000000 	 0.000000 	 14.000000 	 17.844570
14970.000000 	 23.378698 	 14.000000 	 17.770050
14980.000000 	 0.000000 	 14.000000 	 17.796452
14990.000000 	 23.741844 	 14.000000 	 17.722864
15000.000000 	 0.000000 	 14.000000 	 17.751724
15010.000000 	 24.284281 	 14.000000 	 17.679003
15020.000000 	 0.000000 	 14.000000 	 17.711023
15030.000000 	 24.999352 	 14.000000 	 17.639091
15040.000000 	 0.000000 	 14.000000 	 17.674927
15050.000000 	 25.878569 	 14.000000 	 17.603693
15060.000000 	 0.000000 	 14.000000 	 17.643955
15070.000000 	 26.911020 	 14.000000 	 17.573324
15080.000000 	 0.000000 	 14.000000 	 17.618568
15090.000000 	 28.084597 	 14.000000 	 17.548428
15100.000000 	 0.000000 	 14.000000 	 17.599148
15110.000000 	 29.385809 	 14.000000 	 17.529385
15120.000000 	 0.000000 	 14.000000 	 17.586012
15130.000000 	 30.800169 	 14.000000 	 17.516502
15140.000000 	 0.000000 	 14.000000 	 17.579397
15150.000000 	 32.311615 	 14.000000 	 17.510015
15160.000000 	 0.000000 	 14.000000 	 17.579468
15170.000000 	 33.903835 	 14.000000 	 17.510086
15180.000000 	 0.000000 	 14.000000 	 17.586311
15190.000000 	 35.559753 	 14.000000 	 17.516796
15200.000000 	 0.000000 	 14.000000 	 17.599937
15210.000000 	 37.261299 	 14.000000 	 17.530157
15220.000000 	 0.000000 	 14.000000 	 17.620279
15230.000000 	 38.990547 	 14.000000 	 17.550106
15240.000000 	 0.000000 	 14.000000 	 17.647200
15250.000000 	 40.517830 	 14.000000 	 17.576504
15260.000000 	 0.000000 	 14.000000 	 17.679585
15270.000000 	 42.056900 	 14.000000 	 17.608261
15280.000000 	 0.000000 	 14.000000 	 17.717276
15290.000000 	 43.592846 	 14.000000 	 17.645222
15300.000000 	 0.000000 	 14.000000 	 17.760054
15310.000000 	 0.000000 	 14.000000 	 17.687170
15320.000000 	 0.000000 	 14.000000 	 17.615700
15330.000000 	 0.000000 	 14.000000 	 17.545614
15340.000000 	 0.000000 	 14.000000 	 17.476887
15350.000000 	 0.000000 	 14.000000 	 17.409492
15360.000000 	 0.918480 	 14.000000 	 17.343405
15370.000000 	 0.000000 	 14.000000 	 17.282507
15380.000000 	 3.914036 	 14.000000 	 17.218880
15390.000000 	 0.000000 	 14.000000 	 17.173141
15400.000000 	 6.917876 	 14.000000 	 17.111635
15410.000000 	 0.000000 	 14.000000 	 17.080757
15420.000000 	 10.112494 	 14.000000 	 17.021042
15430.000000 	 0.000000 	 14.000000 	 17.005514
15440.000000 	 13.456351 	 14.000000 	 16.947256
15450.000000 	 0.000000 	 14.000000 	 16.947386
15460.000000 	 16.709354 	 14.000000 	 16.890255
15470.000000 	 0.000000 	 14.000000 	 16.905331
15480.000000 	 20.046356 	 14.000000 	 16.849016
15490.000000 	 0.000000 	 14.000000 	 16.879091
15500.000000 	 23.428371 	 14.000000 	 16.823284
15510.000000 	 0.000000 	 14.000000 	 16.868248
15520.000000 	 0.000000 	 14.000000 	 16.812651
15530.000000 	 0.000000 	 14.000000 	 16.758131
15540.000000 	 0.000000 	 14.000000 	 16.704668
15550.000000 	 0.000000 	 14.000000 	 16.652243
15560.000000 	 0.000000 	 14.000000 	 16.600832
15570.000000 	 0.000000 	 14.000000 	 16.550419
15580.000000 	 0.000000 	 14.000000 	 16.500982
15590.000000 	 0.000000 	 14.000000 	 16.452505
15600.000000 	 0.000000 	 14.000000 	 16.404966
15610.000000 	 0.000000 	 14.000000 	 16.358351
15620.000000 	 0.000000 	 14.000000 	 16.312637
15630.000000 	 0.000000 	 14.000000 	 16.267811
15640.000000 	 0.000000 	 14.000000 	 16.223852
15650.000000 	 0.000000 	 14.000000 	 16.180746
15660.000000 	 0.000000 	 14.000000 	 16.138475
15670.000000 	 0.000000 	 14.000000 	 16.097023
15680.000000 	 0.000000 	 14.000000 	 16.056376
15690.000000 	 0.000000 	 14.000000 	 16.016516
15700.000000 	 0.000000 	 14.000000 	 15.977428
15710.000000 	 0.000000 	 14.000000 	 15.939099
15720.000000 	 0.000000 	 14.000000 	 15.901513
15730.000000 	 0.000000 	 14.000000 	 15.864655
15740.000000 	 0.000000 	 14.000000 	 15.828512
15750.000000 	 0.000000 	 14.000000 	 15.793069
15760.000000 	 0.000000 	 14.000000 	 15.758312
15770.000000 	 0.000000 	 14.000000 	 15.724231
15780.000000 	 0.000000 	 14.000000 	 15.690808
15790.000000 	 0.000000 	 14.000000 	 15.658034
15800.000000 	 0.000000 	 14.000000 	 15.625896
15810.000000 	 0.000000 	 14.000000 	 15.594380
15820.000000 	 0.000000 	 14.000000 	 15.563476
15830.000000 	 0.000000 	 14.000000 	 15.533170
15840.000000 	 0.000000 	 14.000000 	 15.503451
15850.000000 	 0.000000 	 14.000000 	 15.474309
15860.000000 	 0.000000 	 14.000000 	 15.445732
15870.000000 	 0.000000 	 14.000000 	 15.417708
15880.000000 	 0.000000 	 14.000000 	 15.390228
15890.000000 	 0.000000 	 14.000000 	 15.363281
15900.000000 	 0.000000 	 14.000000 	 15.336856
15910.000000 	 0.000000 	 14.000000 	 15.310943
15920.000000 	 0.000000 	 14.000000 	 15.285532
15930.000000 	 0.000000 	 14.000000 	 15.260614
15940.000000 	 0.000000 	 14.000000 	 15.236178
15950.000000 	 0.000000 	 14.000000 	 15.212216
15960.000000 	 0.000000 	 14.000000 	 15.188720
15970.000000 	 0.000000 	 14.000000 	 15.165678
15980.000000 	 0.000000 	 14.000000 	 15.143083
15990.000000 	 0.000000 	 14.000000 	 15.120926
16000.000000 	 0.000000 	 14.000000 	 15.099198
16010.000000 	 0.000000 	 14.000000 	 15.077892
16020.000000 	 0.000000 	 14.000000 	 15.056999
16030.000000 	 2.136708 	 14.000000 	 15.036510
16040.000000 	 0.000000 	 14.000000 	 15.025512
16050.000000 	 0.000000 	 14.000000 	 15.005633
16060.000000 	 0.000000 	 14.000000 	 14.986141
16070.000000 	 0.000000 	 14.000000 	 14.967026
16080.000000 	 0.000000 	 14.000000 	 14.948281
16090.000000 	 0.000000 	 14.000000 	 14.929900
16100.000000 	 0.000000 	 14.000000 	 14.911875
16110.000000 	 0.000000 	 14.000000 	 14.894199
16120.000000 	 0.000000 	 14.000000 	 14.876866
16130.000000 	 0.000000 	 14.000000 	 14.859869
16140.000000 	 0.000000 	 14.000000 	 14.843203
16150.000000 	 0.000000 	 14.000000 	 14.826859
16160.000000 	 0.000000 	 14.000000 	 14.810831
16170.000000 	 0.000000 	 14.000000 	 14.795114
16180.000000 	 0.000000 	 14.000000 	 14.779702
16190.000000 	 0.000000 	 14.000000 	 14.764588
16200.000000 	 0.000000 	 14.000000 	 14.749768
16210.000000 	 0.000000 	 14.000000 	 14.735235
16220.000000 	 2.461721 	 14.000000 	 14.720984
16230.000000 	 0.000000 	 14.000000 	 14.717483
16240.000000 	 8.078077 	 14.000000 	 14.703575
16250.000000 	 0.000000 	 14.000000 	 14.724310
16260.000000 	 13.639362 	 14.000000 	 14.710270
16270.000000 	 0.000000 	 14.000000 	 14.754539
16280.000000 	 19.116001 	 14.000000 	 14.739913
16290.000000 	 0.000000 	 14.000000 	 14.806911
16300.000000 	 24.480825 	 14.000000 	 14.791270
16310.000000 	 0.000000 	 14.000000 	 14.880100
16320.000000 	 29.524750 	 14.000000 	 14.863041
16330.000000 	 0.000000 	 14.000000 	 14.971942
16340.000000 	 34.050079 	 14.000000 	 14.953103
16350.000000 	 0.000000 	 14.000000 	 15.079514
16360.000000 	 38.049030 	 14.000000 	 15.058589
16370.000000 	 0.000000 	 14.000000 	 15.199970
16380.000000 	 41.525848 	 14.000000 	 15.176710
16390.000000 	 0.000000 	 14.000000 	 15.330597
16400.000000 	 44.505550 	 14.000000 	 15.304805
16410.000000 	 0.000000 	 14.000000 	 15.468887
16420.000000 	 47.015888 	 14.000000 	 15.440415
16430.000000 	 0.000000 	 14.000000 	 15.612551
16440.000000 	 49.088486 	 14.000000 	 15.581294
16450.000000 	 0.000000 	 14.000000 	 15.759518
16460.000000 	 50.757870 	 14.000000 	 15.725412
16470.000000 	 0.000000 	 14.000000 	 15.907946
16480.000000 	 52.059231 	 14.000000 	 15.870963
16490.000000 	 0.000000 	 14.000000 	 16.056213
16500.000000 	 0.000000 	 14.000000 	 16.016357
16510.000000 	 54.044556 	 14.000000 	 15.977273
16520.000000 	 0.000000 	 14.000000 	 16.168909
16530.000000 	 0.000000 	 14.000000 	 16.126867
16540.000000 	 0.000000 	 14.000000 	 16.085642
16550.000000 	 0.000000 	 14.000000 	 16.045216
16560.000000 	 0.000000 	 14.000000 	 16.005571
16570.000000 	 0.000000 	 14.000000 	 15.966697
16580.000000 	 0.000000 	 14.000000 	 15.928576
16590.000000 	 0.000000 	 14.000000 	 15.891192
16600.000000 	 0.000000 	 14.000000 	 15.854534
16610.000000 	 0.000000 	 14.000000 	 15.818586
16620.000000 	 0.000000 	 14.000000 	 15.783336
16630.000000 	 0.000000 	 14.000000 	 15.748769
16640.000000 	 0.000000 	 14.000000 	 15.714871
16650.000000 	 0.000000 	 14.000000 	 15.681632
16660.000000 	 0.000000 	 14.000000 	 15.649035
16670.000000 	 0.000000 	 14.000000 	 15.617071
16680.000000 	 0.000000 	 14.000000 	 15.585727
16690.000000 	 0.000000 	 14.000000 	 15.554990
16700.000000 	 0.000000 	 14.000000 	 15.524849
16710.000000 	 0.000000 	 14.000000 	 15.495292
16720.000000 	 0.000000 	 14.000000 	 15.466308
16730.000000 	 0.000000 	 14.000000 	 15.437885
16740.000000 	 0.000000 	 14.000000 	 15.410013
16750.000000 	 0.000000 	 14.000000 	 15.382682
16760.000000 	 0.000000 	 14.000000 	 15.355881
16770.000000 	 0.000000 	 14.000000 	 15.329599
16780.000000 	 0.000000 	 14.000000 	 15.303827
16790.000000 	 0.000000 	 14.000000 	 15.278554
16800.000000 	 0.000000 	 14.000000 	 15.253771
16810.000000 	 0.000000 	 14.000000 	 15.229468
16820.000000 	 0.000000 	 14.000000 	 15.205637
16830.000000 	 0.000000 	 14.000000 	 15.182267
16840.000000 	 0.000000 	 14.000000 	 15.159351
16850.000000 	 0.000000 	 14.000000 	 15.136879
16860.000000 	 0.000000 	 14.000000 	 15.114842
16870.000000 	 0.000000 	 14.000000 	 15.093233
16880.000000 	 0.000000 	 14.000000 	 15.072042
16890.000000 	 0.000000 	 14.000000 	 15.051262
16900.000000 	 0.000000 	 14.000000 	 15.030885
16910.000000 	 0.000000 	 14.000000 	 15.010902
16920.000000 	 0.000000 	 14.000000 	 14.991307
16930.000000 	 0.000000 	 14.000000 	 14.972092
16940.000000 	 0.000000 	 14.000000 	 14.953249
16950.000000 	 0.000000 	 14.000000 	 14.934772
16960.000000 	 0.000000 	 14.000000 	 14.916654
16970.000000 	 0.000000 	 14.000000 	 14.898886
16980.000000 	 0.000000 	 14.000000 	 14.881462
16990.000000 	 0.000000 	 14.000000 	 14.864376
17000.000000 	 0.000000 	 14.000000 	 14.847621
17010.000000 	 0.000000 	 14.000000 	 14.831190
17020.000000 	 0.000000 	 14.000000 	 14.815079
17030.000000 	 0.000000 	 14.000000 	 14.799279
17040.000000 	 0.000000 	 14.000000 	 14.783786
17050.000000 	 0.000000 	 14.000000 	 14.768593
17060.000000 	 0.000000 	 14.000000 	 14.753695
17070.000000 	 0.000000 	 14.000000 	 14.739085
17080.000000 	 0.000000 	 14.000000 	 14.724759
17090.000000 	 0.000000 	 14.000000 	 14.710711
17100.000000 	 0.000000 	 14.000000 	 14.696936
17110.000000 	 0.000000 	 14.000000 	 14.683427
17120.000000 	 0.000000 	 14.000000 	 14.670179
17130.000000 	 0.000000 	 14.000000 	 14.657189
17140.000000 	 0.000000 	 14.000000 	 14.644451
17150.000000 	 0.000000 	 14.000000 	 14.631960
17160.000000 	 0.000000 	 14.000000 	 14.619710
17170.000000 	 0.000000 	 14.000000 	 14.607697
17180.000000 	 0.000000 	 14.000000 	 14.595918
17190.000000 	 0.000000 	 14.000000 	 14.584368
17200.000000 	 0.000000 	 14.000000 	 14.573041
17210.000000 	 0.000000 	 14.000000 	 14.561934
17220.000000 	 0.000000 	 14.000000 	 14.551042
17230.000000 	 0.000000 	 14.000000 	 14.540360
17240.000000 	 0.000000 	 14.000000 	 14.529887
17250.000000 	 0.000000 	 14.000000 	 14.519616
17260.000000 	 0.000000 	 14.000000 	 14.509543
17270.000000 	 0.000000 	 14.000000 	 14.499666
17280.000000 	 0.000000 	 14.000000 	 14.489981
17290.000000 	 0.000000 	 14.000000 	 14.480483
17300.000000 	 0.000000 	 14.000000 	 14.471169
17310.000000 	 0.000000 	 14.000000 	 14.462036
17320.000000 	 0.000000 	 14.000000 	 14.453080
17330.000000 	 0.000000 	 14.000000 	 14.444298
17340.000000 	 0.000000 	 14.000000 	 14.435686
17350.000000 	 0.000000 	 14.000000 	 14.427241
17360.000000 	 0.000000 	 14.000000 	 14.418960
17370.000000 	 0.000000 	 14.000000 	 14.410839
17380.000000 	 0.000000 	 14.000000 	 14.402876
17390.000000 	 0.000000 	 14.000000 	 14.395066
17400.000000 	 0.000000 	 14.000000 	 14.387408
17410.000000 	 0.000000 	 14.000000 	 14.379899
17420.000000 	 0.000000 	 14.000000 	 14.372536
17430.000000 	 0.000000 	 14.000000 	 14.365314
17440.000000 	 0.000000 	 14.000000 	 14.358233
17450.000000 	 0.000000 	 14.000000 	 14.351290
17460.000000 	 0.000000 	 14.000000 	 14.344481
17470.000000 	 0.000000 	 14.000000 	 14.337803
17480.000000 	 0.000000 	 14.000000 	 14.331255
17490.000000 	 0.000000 	 14.000000 	 14.324834
17500.000000 	 0.000000 	 14.000000 	 14.318538
17510.000000 	 0.000000 	 14.000000 	 14.312364
17520.000000 	 0.000000 	 14.000000 	 14.306309
17530.000000 	 0.000000 	 14.000000 	 14.300372
17540.000000 	 0.000000 	 14.000000 	 14.294550
17550.000000 	 0.000000 	 14.000000 	 14.288840
17560.000000 	 0.000000 	 14.000000 	 14.283241
17570.000000 	 0.000000 	 14.000000 	 14.277752
17580.000000 	 0.000000 	 14.000000 	 14.272368
17590.000000 	 0.000000 	 14.000000 	 14.267089
17600.000000 	 0.000000 	 14.000000 	 14.261911
17610.000000 	 0.000000 	 14.000000 	 14.256835
17620.000000 	 0.000000 	 14.000000 	 14.251857
17630.000000 	 0.000000 	 14.000000 	 14.246975
17640.000000 	 0.000000 	 14.000000 	 14.242188
17650.000000 	 0.000000 	 14.000000 	 14.237493
17660.000000 	 0.000000 	 14.000000 	 14.232889
17670.000000 	 0.000000 	 14.000000 	 14.228374
17680.000000 	 0.000000 	 14.000000 	 14.223948
17690.000000 	 0.000000 	 14.000000 	 14.219607
17700.000000 	 0.000000 	 14.000000 	 14.215350
17710.000000 	 0.000000 	 14.000000 	 14.211175
17720.000000 	 0.000000 	 14.000000 	 14.207082
17730.000000 	 0.000000 	 14.000000 	 14.203068
17740.000000 	 0.000000 	 14.000000 	 14.199132
17750.000000 	 0.000000 	 14.000000 	 14.195272
17760.000000 	 0.000000 	 14.000000 	 14.191488
17770.000000 	 0.000000 	 14.000000 	 14.187777
17780.000000 	 0.000000 	 14.000000 	 14.184136
17790.000000 	 0.000000 	 14.000000 	 14.180567
17800.000000 	 0.000000 	 14.000000 	 14.177068
17810.000000 	 0.000000 	 14.000000 	 14.173635
17820.000000 	 0.000000 	 14.000000 	 14.170269
17830.000000 	 0.000000 	 14.000000 	 14.166968
17840.000000 	 0.000000 	 14.000000 	 14.163732
17850.000000 	 0.000000 	 14.000000 	 14.160558
17860.000000 	 0.000000 	 14.000000 	 14.157446
17870.000000 	 0.000000 	 14.000000 	 14.154394
17880.000000 	 0.000000 	 14.000000 	 14.151402
17890.000000 	 0.000000 	 14.000000 	 14.148466
17900.000000 	 0.000000 	 14.000000 	 14.145588
17910.000000 	 0.000000 	 14.000000 	 14.142765
17920.000000 	 0.000000 	 14.000000 	 14.139998
17930.000000 	 0.000000 	 14.000000 	 14.137285
17940.000000 	 0.000000 	 14.000000 	 14.134624
17950.000000 	 0.000000 	 14.000000 	 14.132015
17960.000000 	 0.000000 	 14.000000 	 14.129456
17970.000000 	 0.000000 	 14.000000 	 14.126946
17980.000000 	 0.000000 	 14.000000 	 14.124486
17990.000000 	 0.000000 	 14.000000 	 14.122073
18000.000000 	 0.000000 	 14.000000 	 14.119707
18010.000000 	 0.000000 	 14.000000 	 14.117387
18020.000000 	 0.000000 	 14.000000 	 14.115111
18030.000000 	 0.000000 	 14.000000 	 14.112880
18040.000000 	 0.000000 	 14.000000 	 14.110692
18050.000000 	 0.000000 	 14.000000 	 14.108546
18060.000000 	 0.000000 	 14.000000 	 14.106442
18070.000000 	 0.000000 	 14.000000 	 14.104380
18080.000000 	 0.000000 	 14.000000 	 14.102356
18090.000000 	 0.000000 	 14.000000 	 14.100372
18100.000000 	 0.000000 	 14.000000 	 14.098426
18110.000000 	 0.000000 	 14.000000 	 14.096518
18120.000000 	 0.000000 	 14.000000 	 14.094646
18130.000000 	 0.000000 	 14.000000 	 14.092812
18140.000000 	 0.000000 	 14.000000 	 14.091013
18150.000000 	 0.000000 	 14.000000 	 14.089249
18160.000000 	 0.000000 	 14.000000 	 14.087519
18170.000000 	 0.000000 	 14.000000 	 14.085822
18180.000000 	 0.000000 	 14.000000 	 14.084158
18190.000000 	 0.000000 	 14.000000 	 14.082527
18200.000000 	 0.000000 	 14.000000 	 14.080927
18210.000000 	 0.000000 	 14.000000 	 14.079359
18220.000000 	 0.000000 	 14.000000 	 14.077821
18230.000000 	 0.000000 	 14.000000 	 14.076312
18240.000000 	 0.000000 	 14.000000 	 14.074833
18250.000000 	 0.000000 	 14.000000 	 14.073383
18260.000000 	 0.000000 	 14.000000 	 14.071960
18270.000000 	 0.000000 	 14.000000 	 14.070566
18280.000000 	 0.000000 	 14.000000 	 14.069199
18290.000000 	 0.000000 	 14.000000 	 14.067857
18300.000000 	 0.000000 	 14.000000 	 14.066541
18310.000000 	 0.000000 	 14.000000 	 14.065250
18320.000000 	 0.000000 	 14.000000 	 14.063986
18330.000000 	 0.000000 	 14.000000 	 14.062746
18340.000000 	 0.000000 	 14.000000 	 14.061530
18350.000000 	 0.000000 	 14.000000 	 14.060337
18360.000000 	 0.000000 	 14.000000 	 14.059167
18370.000000 	 0.000000 	 14.000000 	 14.058020
18380.000000 	 0.000000 	 14.000000 	 14.056895
18390.000000 	 0.000000 	 14.000000 	 14.055793
18400.000000 	 0.000000 	 14.000000 	 14.054711
18410.000000 	 0.000000 	 14.000000 	 14.053651
18420.000000 	 0.000000 	 14.000000 	 14.052610
18430.000000 	 0.000000 	 14.000000 	 14.051591
18440.000000 	 0.000000 	 14.000000 	 14.050591
18450.000000 	 0.000000 	 14.000000 	 14.049611
18460.000000 	 0.000000 	 14.000000 	 14.048650
18470.000000 	 0.000000 	 14.000000 	 14.047707
18480.000000 	 0.000000 	 14.000000 	 14.046782
18490.000000 	 0.000000 	 14.000000 	 14.045876
18500.000000 	 0.000000 	 14.000000 	 14.044987
18510.000000 	 0.000000 	 14.000000 	 14.044115
18520.000000 	 0.000000 	 14.000000 	 14.043260
18530.000000 	 0.000000 	 14.000000 	 14.042420
18540.000000 	 0.000000 	 14.000000 	 14.041598
18550.000000 	 0.000000 	 14.000000 	 14.040792
18560.000000 	 0.000000 	 14.000000 	 14.040001
18570.000000 	 0.000000 	 14.000000 	 14.039226
18580.000000 	 0.000000 	 14.000000 	 14.038465
18590.000000 	 0.000000 	 14.000000 	 14.037721
18600.000000 	 0.000000 	 14.000000 	 14.036989
18610.000000 	 0.000000 	 14.000000 	 14.036272
18620.000000 	 0.000000 	 14.000000 	 14.035569
18630.000000 	 0.000000 	 14.000000 	 14.034880
18640.000000 	 0.000000 	 14.000000 	 14.034204
18650.000000 	 0.000000 	 14.000000 	 14.033541
18660.000000 	 0.000000 	 14.000000 	 14.032891
18670.000000 	 0.000000 	 14.000000 	 14.032253
18680.000000 	 0.000000 	 14.000000 	 14.031628
18690.000000 	 0.000000 	 14.000000 	 14.031014
18700.000000 	 0.000000 	 14.000000 	 14.030414
18710.000000 	 0.000000 	 14.000000 	 14.029824
18720.000000 	 0.000000 	 14.000000 	 14.029246
18730.000000 	 0.000000 	 14.000000 	 14.028679
18740.000000 	 0.000000 	 14.000000 	 14.028123
18750.000000 	 0.000000 	 14.000000 	 14.027577
18760.000000 	 0.000000 	 14.000000 	 14.027043
18770.000000 	 0.000000 	 14.000000 	 14.026519
18780.000000 	 0.000000 	 14.000000 	 14.026005
18790.000000 	 0.000000 	 14.000000 	 14.025500
18800.000000 	 0.000000 	 14.000000 	 14.025006
18810.000000 	 0.000000 	 14.000000 	 14.024522
18820.000000 	 0.000000 	 14.000000 	 14.024046
18830.000000 	 0.000000 	 14.000000 	 14.023581
18840.000000 	 0.000000 	 14.000000 	 14.023124
18850.000000 	 0.000000 	 14.000000 	 14.022676
18860.000000 	 0.000000 	 14.000000 	 14.022236
18870.000000 	 0.000000 	 14.000000 	 14.021805
18880.000000 	 0.000000 	 14.000000 	 14.021382
18890.000000 	 0.000000 	 14.000000 	 14.020968
18900.000000 	 0.000000 	 14.000000 	 14.020562
18910.000000 	 0.000000 	 14.000000 	 14.020164
18920.000000 	 0.000000 	 14.000000 	 14.019773
18930.000000 	 0.000000 	 14.000000 	 14.019390
18940.000000 	 0.000000 	 14.000000 	 14.019014
18950.000000 	 0.000000 	 14.000000 	 14.018645
18960.000000 	 0.000000 	 14.000000 	 14.018284
18970.000000 	 0.000000 	 14.000000 	 14.017930
18980.000000 	 0.000000 	 14.000000 	 14.017582
18990.000000 	 0.000000 	 14.000000 	 14.017241
19000.000000 	 0.000000 	 14.000000 	 14.016908
19010.000000 	 0.000000 	 14.000000 	 14.016580
19020.000000 	 0.000000 	 14.000000 	 14.016258
19030.000000 	 0.000000 	 14.000000 	 14.015944
19040.000000 	 0.000000 	 14.000000 	 14.015635
19050.000000 	 0.000000 	 14.000000 	 14.015332
19060.000000 	 0.000000 	 14.000000 	 14.015035
19070.000000 	 0.000000 	 14.000000 	 14.014743
19080.000000 	 0.000000 	 14.000000 	 14.014458
19090.000000 	 0.000000 	 14.000000 	 14.014177
19100.000000 	 0.000000 	 14.000000 	 14.013903
19110.000000 	 0.000000 	 14.000000 	 14.013633
19120.000000 	 0.000000 	 14.000000 	 14.013368
19130.000000 	 0.000000 	 14.000000 	 14.013109
19140.000000 	 0.000000 	 14.000000 	 14.012855
19150.000000 	 0.000000 	 14.000000 	 14.012605
19160.000000 	 0.000000 	 14.000000 	 14.012360
19170.000000 	 0.000000 	 14.000000 	 14.012120
19180.000000 	 0.000000 	 14.000000 	 14.011886
19190.000000 	 0.000000 	 14.000000 	 14.011655
19200.000000 	 0.000000 	 14.000000 	 14.011429
19210.000000 	 0.000000 	 14.000000 	 14.011208
19220.000000 	 0.000000 	 14.000000 	 14.010990
19230.000000 	 0.000000 	 14.000000 	 14.010777
19240.000000 	 0.000000 	 14.000000 	 14.010569
19250.000000 	 0.000000 	 14.000000 	 14.010365
19260.000000 	 0.000000 	 14.000000 	 14.010164
19270.000000 	 0.000000 	 14.000000 	 14.009968
19280.000000 	 0.000000 	 14.000000 	 14.009775
19290.000000 	 0.000000 	 14.000000 	 14.009585
19300.000000 	 0.000000 	 14.000000 	 14.009400
19310.000000 	 0.000000 	 14.000000 	 14.009218
19320.000000 	 0.000000 	 14.000000 	 14.009039
19330.000000 	 0.000000 	 14.000000 	 14.008864
19340.000000 	 0.000000 	 14.000000 	 14.008693
19350.000000 	 0.000000 	 14.000000 	 14.008525
19360.000000 	 0.000000 	 14.000000 	 14.008360
19370.000000 	 0.000000 	 14.000000 	 14.008198
19380.000000 	 0.000000 	 14.000000 	 14.008039
19390.000000 	 0.000000 	 14.000000 	 14.007883
19400.000000 	 0.000000 	 14.000000 	 14.007730
19410.000000 	 0.000000 	 14.000000 	 14.007581
19420.000000 	 0.000000 	 14.000000 	 14.007434
19430.000000 	 0.000000 	 14.000000 	 14.007289
19440.000000 	 0.000000 	 14.000000 	 14.007148
19450.000000 	 0.000000 	 14.000000 	 14.007009
19460.000000 	 0.000000 	 14.000000 	 14.006873
19470.000000 	 0.000000 	 14.000000 	 14.006741
19480.000000 	 0.000000 	 14.000000 	 14.006610
19490.000000 	 0.000000 	 14.000000 	 14.006481
19500.000000 	 0.000000 	 14.000000 	 14.006356
19510.000000 	 0.000000 	 14.000000 	 14.006233
19520.000000 	 0.000000 	 14.000000 	 14.006112
19530.000000 	 0.000000 	 14.000000 	 14.005994
19540.000000 	 0.000000 	 14.000000 	 14.005877
19550.000000 	 0.000000 	 14.000000 	 14.005763
19560.000000 	 0.000000 	 14.000000 	 14.005651
19570.000000 	 0.000000 	 14.000000 	 14.005541
19580.000000 	 0.000000 	 14.000000 	 14.005433
19590.000000 	 0.000000 	 14.000000 	 14.005328
19600.000000 	 0.000000 	 14.000000 	 14.005225
19610.000000 	 0.000000 	 14.000000 	 14.005124
19620.000000 	 0.000000 	 14.000000 	 14.005025
19630.000000 	 0.000000 	 14.000000 	 14.004928
19640.000000 	 0.000000 	 14.000000 	 14.004832
19650.000000 	 0.000000 	 14.000000 	 14.004739
19660.000000 	 0.000000 	 14.000000 	 14.004646
19670.000000 	 0.000000 	 14.000000 	 14.004557
19680.000000 	 0.000000 	 14.000000 	 14.004469
19690.000000 	 0.000000 	 14.000000 	 14.004382
19700.000000 	 0.000000 	 14.000000 	 14.004297
19710.000000 	 0.000000 	 14.000000 	 14.004214
19720.000000 	 0.000000 	 14.000000 	 14.004133
19730.000000 	 0.000000 	 14.000000 	 14.004054
19740.000000 	 0.000000 	 14.000000 	 14.003976
19750.000000 	 0.000000 	 14.000000 	 14.003899
19760.000000 	 0.000000 	 14.000000 	 14.003823
19770.000000 	 0.000000 	 14.000000 	 14.003750
19780.000000 	 0.000000 	 14.000000 	 14.003677
19790.000000 	 0.000000 	 14.000000 	 14.003607
19800.000000 	 0.000000 	 14.000000 	 14.003536
19810.000000 	 0.000000 	 14.000000 	 14.003468
